0.000,10.19,-28.87,30.62
0.033,10.31,-28.72,30.52
0.067,10.52,-28.75,30.62
0.100,10.82,-28.69,30.66
0.133,11.00,-28.61,30.65
0.167,11.12,-28.71,30.79
0.200,11.28,-28.63,30.77
0.233,11.40,-28.57,30.76
0.267,11.66,-28.58,30.87
0.300,11.90,-28.56,30.94
0.333,12.07,-28.59,31.03
0.367,12.06,-28.58,31.02
0.400,12.21,-28.67,31.16
0.433,12.22,-28.68,31.18
0.467,12.30,-28.78,31.30
0.500,12.53,-28.87,31.47
0.533,12.68,-28.84,31.51
0.567,12.93,-29.03,31.78
0.600,13.01,-29.00,31.78
0.633,13.09,-29.03,31.84
0.667,13.26,-29.08,31.96
0.700,13.44,-29.03,31.99
0.733,13.63,-29.03,32.07
0.767,13.78,-28.89,32.01
0.800,14.05,-28.89,32.12
0.833,14.30,-28.84,32.19
0.867,14.45,-28.79,32.21
0.900,14.66,-28.73,32.25
0.933,14.73,-28.57,32.15
0.967,14.85,-28.52,32.15
1.000,15.03,-28.40,32.13
1.033,15.21,-28.23,32.07
1.067,15.52,-28.22,32.21
1.100,15.57,-28.16,32.17
1.133,15.67,-28.17,32.23
1.167,15.77,-28.11,32.23
1.200,15.82,-28.07,32.22
1.233,15.95,-28.14,32.35
1.267,16.03,-28.08,32.33
1.300,16.22,-28.12,32.46
1.333,16.39,-28.12,32.54
1.367,16.46,-28.11,32.57
1.400,16.59,-28.10,32.63
1.433,16.56,-28.00,32.53
1.467,16.73,-27.95,32.57
1.500,16.92,-27.87,32.61
1.533,17.20,-27.67,32.58
1.567,17.36,-27.66,32.65
1.600,17.40,-27.62,32.64
1.633,17.51,-27.64,32.72
1.667,17.56,-27.65,32.76
1.700,17.61,-27.62,32.76
1.733,17.76,-27.65,32.87
1.767,17.87,-27.55,32.84
1.800,18.10,-27.50,32.92
1.833,18.28,-27.47,33.00
1.867,18.52,-27.23,32.94
1.900,18.64,-27.14,32.93
1.933,18.74,-27.09,32.94
1.967,18.84,-27.07,32.98
2.000,18.97,-26.98,32.99
2.033,19.19,-26.91,33.06
2.067,19.39,-26.89,33.15
2.100,19.56,-26.85,33.22
2.133,19.65,-26.86,33.28
2.167,19.73,-26.88,33.35
2.200,19.82,-26.95,33.45
2.233,19.92,-27.05,33.59
2.267,20.07,-27.14,33.75
2.300,20.19,-27.27,33.93
2.333,20.21,-27.35,34.00
2.367,20.23,-27.36,34.03
2.400,20.25,-27.44,34.11
2.433,20.24,-27.53,34.17
2.467,20.27,-27.57,34.22
2.500,20.24,-27.64,34.26
2.533,20.28,-27.74,34.36
2.567,20.34,-27.84,34.48
2.600,20.60,-27.93,34.70
2.633,20.62,-28.02,34.79
2.667,20.73,-28.02,34.86
2.700,20.81,-28.08,34.95
2.733,20.99,-28.20,35.15
2.767,21.12,-28.32,35.33
2.800,21.40,-28.43,35.58
2.833,21.60,-28.45,35.72
2.867,21.68,-28.42,35.75
2.900,21.86,-28.53,35.95
2.933,21.97,-28.55,36.02
2.967,22.16,-28.59,36.17
3.000,22.41,-28.60,36.33
3.033,22.65,-28.61,36.49
3.067,22.76,-28.56,36.52
3.100,22.88,-28.61,36.64
3.133,23.04,-28.66,36.77
3.167,23.25,-28.70,36.94
3.200,23.57,-28.74,37.17
3.233,23.69,-28.76,37.25
3.267,23.91,-28.81,37.44
3.300,24.03,-28.83,37.53
3.333,24.20,-28.89,37.69
3.367,24.33,-28.89,37.77
3.400,24.58,-28.89,37.93
3.433,24.81,-29.00,38.17
3.467,24.91,-29.00,38.23
3.500,25.00,-29.09,38.35
3.533,25.15,-29.11,38.47
3.567,25.23,-29.16,38.56
3.600,25.30,-29.24,38.66
3.633,25.46,-29.34,38.85
3.667,25.70,-29.45,39.09
3.700,25.71,-29.54,39.17
3.733,25.76,-29.56,39.21
3.767,25.84,-29.60,39.29
3.800,25.86,-29.64,39.33
3.833,25.96,-29.76,39.49
3.867,26.10,-29.82,39.63
3.900,26.29,-29.79,39.73
3.933,26.45,-29.89,39.92
3.967,26.66,-29.97,40.11
4.000,26.82,-29.98,40.22
4.033,26.87,-30.01,40.29
4.067,27.00,-30.10,40.43
4.100,27.13,-30.23,40.62
4.133,27.31,-30.25,40.76
4.167,27.53,-30.29,40.93
4.200,27.61,-30.44,41.10
4.233,27.78,-30.42,41.20
4.267,27.95,-30.40,41.29
4.300,28.07,-30.45,41.41
4.333,28.20,-30.42,41.48
4.367,28.40,-30.41,41.61
4.400,28.63,-30.44,41.79
4.433,28.89,-30.49,42.00
4.467,29.06,-30.56,42.17
4.500,29.21,-30.59,42.29
4.533,29.40,-30.55,42.40
4.567,29.48,-30.54,42.45
4.600,29.66,-30.60,42.62
4.633,29.88,-30.60,42.77
4.667,30.06,-30.64,42.92
4.700,30.21,-30.70,43.07
4.733,30.36,-30.73,43.20
4.767,30.57,-30.84,43.42
4.800,30.64,-30.91,43.52
4.833,30.75,-30.99,43.66
4.867,30.93,-31.11,43.87
4.900,31.01,-31.22,44.00
4.933,31.15,-31.26,44.13
4.967,31.27,-31.25,44.21
5.000,31.49,-31.31,44.41
5.033,31.59,-31.37,44.51
5.067,31.78,-31.35,44.64
5.100,32.03,-31.36,44.82
5.133,32.39,-31.34,45.07
5.167,32.56,-31.34,45.19
5.200,32.66,-31.39,45.30
5.233,32.83,-31.39,45.42
5.267,32.98,-31.39,45.53
5.300,33.21,-31.43,45.72
5.333,33.40,-31.46,45.89
5.367,33.58,-31.47,46.02
5.400,33.67,-31.49,46.10
5.433,33.81,-31.46,46.18
5.467,33.91,-31.40,46.21
5.500,34.04,-31.35,46.28
5.533,34.20,-31.42,46.44
5.567,34.44,-31.36,46.58
5.600,34.52,-31.36,46.64
5.633,34.66,-31.32,46.71
5.667,34.69,-31.31,46.73
5.700,34.71,-31.32,46.75
5.733,34.72,-31.33,46.76
5.767,34.75,-31.36,46.81
5.800,34.78,-31.40,46.86
5.833,34.87,-31.48,46.98
5.867,34.97,-31.61,47.14
5.900,35.05,-31.74,47.29
5.933,35.05,-31.88,47.38
5.967,35.20,-31.97,47.55
6.000,35.24,-32.06,47.64
6.033,35.27,-32.09,47.69
6.067,35.24,-32.13,47.69
6.100,35.21,-32.18,47.70
6.133,35.21,-32.17,47.69
6.167,35.23,-32.15,47.69
6.200,35.31,-32.17,47.77
6.233,35.51,-32.17,47.92
6.267,35.69,-32.20,48.06
6.300,35.83,-32.21,48.18
6.333,35.88,-32.23,48.23
6.367,35.91,-32.27,48.28
6.400,36.10,-32.37,48.49
6.433,36.11,-32.33,48.47
6.467,36.21,-32.31,48.53
6.500,36.29,-32.27,48.57
6.533,36.30,-32.27,48.58
6.567,36.31,-32.27,48.58
6.600,36.41,-32.22,48.62
6.633,36.43,-32.16,48.60
6.667,36.57,-32.00,48.59
6.700,36.60,-31.95,48.58
6.733,36.62,-31.93,48.58
6.767,36.62,-31.92,48.58
6.800,36.70,-31.80,48.56
6.833,36.73,-31.73,48.54
6.867,36.87,-31.67,48.60
6.900,36.94,-31.60,48.61
6.933,37.08,-31.54,48.68
6.967,37.07,-31.53,48.67
7.000,37.08,-31.50,48.65
7.033,37.23,-31.39,48.70
7.067,37.22,-31.33,48.66
7.100,37.33,-31.20,48.65
7.133,37.43,-31.06,48.64
7.167,37.38,-30.98,48.55
7.200,37.42,-30.99,48.58
7.233,37.41,-31.01,48.59
7.267,37.39,-31.00,48.57
7.300,37.49,-31.01,48.66
7.333,37.58,-31.07,48.76
7.367,37.58,-31.06,48.76
7.400,37.63,-31.04,48.78
7.433,37.83,-30.95,48.87
7.467,37.90,-30.85,48.87
7.500,37.98,-30.75,48.87
7.533,37.99,-30.75,48.87
7.567,38.00,-30.74,48.88
7.600,38.05,-30.72,48.91
7.633,38.04,-30.68,48.87
7.667,38.03,-30.70,48.87
7.700,38.02,-30.70,48.87
7.733,38.01,-30.71,48.87
7.767,38.01,-30.71,48.87
7.800,38.01,-30.71,48.87
7.833,38.01,-30.72,48.87
7.867,38.01,-30.72,48.87
7.900,38.01,-30.69,48.85
7.933,38.10,-30.61,48.87
7.967,38.25,-30.46,48.90
8.000,38.37,-30.37,48.93
8.033,38.55,-30.26,49.01
8.067,38.61,-30.27,49.06
8.100,38.67,-30.28,49.11
8.133,38.69,-30.26,49.12
8.167,38.86,-30.13,49.17
8.200,38.95,-30.06,49.20
8.233,39.09,-29.99,49.27
8.267,39.22,-29.90,49.32
8.300,39.40,-29.80,49.40
8.333,39.54,-29.68,49.44
8.367,39.62,-29.60,49.45
8.400,39.70,-29.53,49.47
8.433,39.69,-29.43,49.41
8.467,39.82,-29.33,49.46
8.500,39.94,-29.22,49.48
8.533,39.97,-29.13,49.46
8.567,40.02,-29.01,49.43
8.600,40.08,-28.80,49.35
8.633,40.21,-28.69,49.39
8.667,40.30,-28.60,49.42
8.700,40.42,-28.46,49.43
8.733,40.41,-28.36,49.37
8.767,40.55,-28.27,49.43
8.800,40.60,-28.22,49.45
8.833,40.73,-28.13,49.49
8.867,40.70,-28.04,49.43
8.900,40.81,-27.97,49.47
8.933,40.80,-27.89,49.43
8.967,40.91,-27.82,49.48
9.000,40.93,-27.77,49.47
9.033,40.97,-27.77,49.49
9.067,41.10,-27.67,49.55
9.100,41.15,-27.63,49.57
9.133,41.29,-27.63,49.68
9.167,41.29,-27.66,49.70
9.200,41.30,-27.68,49.72
9.233,41.26,-27.63,49.65
9.267,41.23,-27.59,49.61
9.300,41.37,-27.54,49.70
9.333,41.42,-27.51,49.72
9.367,41.41,-27.47,49.69
9.400,41.40,-27.47,49.69
9.433,41.40,-27.46,49.68
9.467,41.39,-27.44,49.66
9.500,41.39,-27.43,49.66
9.533,41.39,-27.42,49.64
9.567,41.48,-27.35,49.69
9.600,41.50,-27.30,49.68
9.633,41.51,-27.29,49.68
9.667,41.52,-27.30,49.69
9.700,41.53,-27.30,49.70
9.733,41.53,-27.31,49.70
9.767,41.53,-27.32,49.71
9.800,41.55,-27.32,49.72
9.833,41.55,-27.32,49.73
9.867,41.55,-27.32,49.73
9.900,41.58,-27.30,49.73
9.933,41.66,-27.23,49.77
9.967,41.79,-27.14,49.83
10.000,42.01,-27.03,49.95
10.033,42.15,-27.06,50.09
10.067,42.20,-26.98,50.09
10.100,42.30,-26.92,50.14
10.133,42.35,-26.86,50.15
10.167,42.33,-26.80,50.10
10.200,42.43,-26.77,50.17
10.233,42.46,-26.70,50.16
10.267,42.48,-26.65,50.14
10.300,42.59,-26.55,50.19
10.333,42.72,-26.42,50.23
10.367,42.74,-26.38,50.23
10.400,42.74,-26.36,50.22
10.433,42.77,-26.38,50.25
10.467,42.86,-26.40,50.34
10.500,42.93,-26.38,50.38
10.533,42.97,-26.35,50.41
10.567,43.08,-26.34,50.49
10.600,43.19,-26.25,50.54
10.633,43.23,-26.21,50.55
10.667,43.24,-26.18,50.55
10.700,43.23,-26.20,50.55
10.733,43.27,-26.20,50.59
10.767,43.39,-26.24,50.70
10.800,43.49,-26.30,50.83
10.833,43.56,-26.36,50.91
10.867,43.68,-26.49,51.08
10.900,43.67,-26.44,51.05
10.933,43.76,-26.42,51.11
10.967,43.85,-26.42,51.20
11.000,43.96,-26.43,51.30
11.033,44.16,-26.46,51.48
11.067,44.30,-26.47,51.61
11.100,44.42,-26.46,51.70
11.133,44.60,-26.46,51.86
11.167,44.80,-26.46,52.03
11.200,44.99,-26.44,52.18
11.233,45.10,-26.44,52.28
11.267,45.34,-26.53,52.53
11.300,45.50,-26.61,52.71
11.333,45.59,-26.55,52.76
11.367,45.70,-26.56,52.86
11.400,45.89,-26.49,52.98
11.433,46.12,-26.52,53.20
11.467,46.32,-26.55,53.39
11.500,46.42,-26.60,53.49
11.533,46.60,-26.60,53.66
11.567,46.73,-26.58,53.76
11.600,46.91,-26.52,53.89
11.633,47.12,-26.51,54.07
11.667,47.30,-26.48,54.21
11.700,47.39,-26.52,54.30
11.733,47.49,-26.54,54.40
11.767,47.62,-26.54,54.52
11.800,47.71,-26.60,54.62
11.833,47.75,-26.55,54.64
11.867,47.93,-26.57,54.80
11.900,48.12,-26.56,54.96
11.933,48.30,-26.59,55.14
11.967,48.40,-26.63,55.24
12.000,48.56,-26.58,55.35
12.033,48.74,-26.55,55.50
12.067,48.84,-26.51,55.57
12.100,48.95,-26.49,55.66
12.133,49.13,-26.42,55.78
12.167,49.36,-26.42,55.98
12.200,49.49,-26.38,56.08
12.233,49.61,-26.28,56.14
12.267,49.76,-26.06,56.17
12.300,49.83,-26.04,56.22
12.333,49.92,-26.04,56.31
12.367,50.00,-25.92,56.31
12.400,50.14,-25.76,56.37
12.433,50.16,-25.73,56.37
12.467,50.31,-25.66,56.47
12.500,50.31,-25.51,56.41
12.533,50.36,-25.40,56.40
12.567,50.31,-25.25,56.29
12.600,50.34,-25.14,56.27
12.633,50.33,-25.13,56.25
12.667,50.40,-25.09,56.30
12.700,50.55,-24.93,56.36
12.733,50.56,-24.84,56.34
12.767,50.60,-24.79,56.34
12.800,50.70,-24.77,56.42
12.833,50.67,-24.74,56.39
12.867,50.66,-24.71,56.36
12.900,50.78,-24.58,56.42
12.933,50.80,-24.55,56.42
12.967,50.79,-24.53,56.40
13.000,50.78,-24.51,56.39
13.033,50.79,-24.52,56.40
13.067,50.80,-24.53,56.41
13.100,50.80,-24.54,56.42
13.133,50.81,-24.54,56.42
13.167,50.81,-24.55,56.43
13.200,50.87,-24.61,56.51
13.233,50.81,-24.66,56.48
13.267,50.81,-24.67,56.48
13.300,50.84,-24.75,56.54
13.333,50.80,-24.84,56.54
13.367,50.90,-24.85,56.64
13.400,50.97,-24.88,56.72
13.433,51.08,-24.91,56.83
13.467,51.19,-24.91,56.93
13.500,51.23,-24.90,56.96
13.533,51.25,-24.91,56.98
13.567,51.27,-24.91,57.00
13.600,51.26,-24.96,57.01
13.633,51.28,-25.02,57.06
13.667,51.31,-25.06,57.10
13.700,51.34,-25.15,57.17
13.733,51.50,-25.29,57.38
13.767,51.57,-25.32,57.45
13.800,51.60,-25.34,57.49
13.833,51.64,-25.37,57.54
13.867,51.77,-25.44,57.68
13.900,51.87,-25.46,57.78
13.933,51.92,-25.48,57.84
13.967,52.04,-25.63,58.01
14.000,52.05,-25.69,58.04
14.033,52.02,-25.69,58.02
14.067,52.14,-25.67,58.12
14.100,52.31,-25.67,58.27
14.133,52.38,-25.65,58.32
14.167,52.41,-25.62,58.33
14.200,52.43,-25.61,58.35
14.233,52.58,-25.61,58.49
14.267,52.73,-25.61,58.62
14.300,52.71,-25.63,58.61
14.333,52.66,-25.67,58.58
14.367,52.70,-25.68,58.63
14.400,52.74,-25.69,58.66
14.433,52.87,-25.63,58.75
14.467,53.00,-25.63,58.87
14.500,53.12,-25.61,58.97
14.533,53.17,-25.64,59.03
14.567,53.15,-25.66,59.02
14.600,53.06,-25.70,58.96
14.633,53.16,-25.71,59.05
14.667,53.15,-25.74,59.06
14.700,53.16,-25.77,59.08
14.733,53.15,-25.80,59.08
14.767,53.19,-25.79,59.11
14.800,53.21,-25.82,59.15
14.833,53.25,-25.84,59.19
14.867,53.27,-25.83,59.20
14.900,53.27,-25.82,59.20
14.933,53.30,-25.82,59.22
14.967,53.31,-25.82,59.24
15.000,53.32,-25.82,59.25
15.033,53.38,-25.83,59.31
15.067,53.55,-25.79,59.44
15.100,53.64,-25.75,59.50
15.133,53.70,-25.75,59.55
15.167,53.74,-25.67,59.56
15.200,53.74,-25.68,59.56
15.233,53.79,-25.63,59.58
15.267,53.86,-25.67,59.66
15.300,54.05,-25.72,59.86
15.333,54.15,-25.80,59.98
15.367,54.22,-25.82,60.06
15.400,54.28,-25.80,60.09
15.433,54.31,-25.80,60.13
15.467,54.36,-25.79,60.17
15.500,54.43,-25.82,60.24
15.533,54.52,-25.83,60.33
15.567,54.67,-25.74,60.42
15.600,54.80,-25.66,60.51
15.633,54.94,-25.71,60.66
15.667,55.02,-25.77,60.76
15.700,55.04,-25.81,60.79
15.733,55.08,-25.81,60.83
15.767,55.15,-25.81,60.89
15.800,55.20,-25.81,60.93
15.833,55.29,-25.82,61.02
15.867,55.37,-25.79,61.08
15.900,55.55,-25.72,61.22
15.933,55.72,-25.71,61.37
15.967,55.77,-25.66,61.39
16.000,55.88,-25.61,61.47
16.033,55.92,-25.63,61.51
16.067,55.97,-25.66,61.57
16.100,56.05,-25.62,61.63
16.133,56.05,-25.62,61.63
16.167,56.06,-25.61,61.63
16.200,56.07,-25.60,61.63
16.233,56.10,-25.57,61.66
16.267,56.13,-25.56,61.68
16.300,56.20,-25.50,61.71
16.333,56.25,-25.42,61.73
16.367,56.35,-25.38,61.80
16.400,56.43,-25.33,61.86
16.433,56.46,-25.33,61.88
16.467,56.58,-25.43,62.03
16.500,56.56,-25.49,62.04
16.533,56.55,-25.52,62.04
16.567,56.69,-25.47,62.15
16.600,56.75,-25.39,62.17
16.633,56.85,-25.30,62.23
16.667,56.92,-25.24,62.27
16.700,56.97,-25.22,62.30
16.733,57.08,-25.23,62.40
16.767,57.21,-25.24,62.53
16.800,57.37,-25.31,62.70
16.833,57.56,-25.35,62.90
16.867,57.72,-25.35,63.05
16.900,57.81,-25.30,63.10
16.933,57.88,-25.29,63.16
16.967,57.97,-25.33,63.26
17.000,58.13,-25.44,63.46
17.033,58.22,-25.50,63.56
17.067,58.35,-25.62,63.72
17.100,58.32,-25.66,63.72
17.133,58.33,-25.65,63.73
17.167,58.46,-25.75,63.88
17.200,58.49,-25.81,63.93
17.233,58.61,-25.93,64.09
17.267,58.60,-25.97,64.09
17.300,58.65,-25.93,64.12
17.333,58.67,-25.96,64.15
17.367,58.64,-25.99,64.15
17.400,58.87,-26.02,64.36
17.433,58.97,-26.22,64.54
17.467,59.00,-26.34,64.61
17.500,59.02,-26.36,64.64
17.533,59.00,-26.38,64.63
17.567,58.99,-26.39,64.63
17.600,58.99,-26.39,64.62
17.633,58.97,-26.30,64.57
17.667,58.99,-26.16,64.53
17.700,59.04,-26.09,64.55
17.733,59.03,-26.07,64.53
17.767,59.10,-26.09,64.60
17.800,59.16,-26.05,64.64
17.833,59.20,-26.02,64.67
17.867,59.24,-26.04,64.72
17.900,59.33,-25.94,64.75
17.933,59.41,-25.94,64.83
17.967,59.54,-25.93,64.94
18.000,59.65,-25.87,65.01
18.033,59.63,-25.80,64.97
18.067,59.78,-25.71,65.07
18.100,59.89,-25.72,65.18
18.133,59.92,-25.68,65.20
18.167,60.01,-25.63,65.26
18.200,60.13,-25.49,65.31
18.233,60.19,-25.47,65.36
18.267,60.31,-25.43,65.45
18.300,60.36,-25.40,65.49
18.333,60.39,-25.38,65.50
18.367,60.42,-25.32,65.52
18.400,60.45,-25.28,65.52
18.433,60.51,-25.28,65.58
18.467,60.52,-25.29,65.59
18.500,60.57,-25.32,65.65
18.533,60.64,-25.40,65.74
18.567,60.68,-25.42,65.79
18.600,60.68,-25.43,65.79
18.633,60.69,-25.36,65.78
18.667,60.67,-25.28,65.73
18.700,60.68,-25.22,65.71
18.733,60.69,-25.18,65.71
18.767,60.71,-25.16,65.72
18.800,60.76,-25.12,65.74
18.833,60.84,-25.11,65.81
18.867,60.93,-25.06,65.88
18.900,60.95,-25.01,65.88
18.933,60.97,-24.96,65.88
18.967,61.02,-24.92,65.92
19.000,60.98,-24.84,65.85
19.033,60.95,-24.83,65.81
19.067,60.96,-24.83,65.82
19.100,60.96,-24.82,65.82
19.133,60.95,-24.82,65.81
19.167,60.96,-24.82,65.82
19.200,61.02,-24.83,65.88
19.233,61.01,-24.84,65.87
19.267,61.00,-24.84,65.86
19.300,61.00,-24.84,65.86
19.333,60.99,-24.84,65.86
19.367,60.99,-24.83,65.85
19.400,60.99,-24.83,65.85
19.433,60.99,-24.83,65.85
19.467,60.99,-24.83,65.85
19.500,60.96,-24.82,65.82
19.533,60.95,-24.80,65.80
19.567,60.95,-24.81,65.81
19.600,60.90,-24.80,65.75
19.633,60.87,-24.81,65.73
19.667,60.86,-24.82,65.72
19.700,60.85,-24.82,65.72
19.733,60.85,-24.82,65.72
19.767,60.88,-24.85,65.76
19.800,60.89,-24.86,65.77
19.833,60.90,-24.86,65.78
19.867,60.92,-24.83,65.78
19.900,61.01,-24.84,65.88
19.933,61.01,-24.84,65.87
19.967,61.00,-24.84,65.87
20.000,61.01,-24.83,65.87
20.033,61.01,-24.82,65.87
20.067,61.01,-24.82,65.87
20.100,61.02,-24.81,65.87
20.133,61.03,-24.80,65.88
20.167,61.12,-24.76,65.95
20.200,61.18,-24.72,65.98
20.233,61.21,-24.71,66.01
20.267,61.25,-24.67,66.03
20.300,61.32,-24.66,66.09
20.333,61.46,-24.59,66.19
20.367,61.50,-24.57,66.23
20.400,61.58,-24.52,66.28
20.433,61.63,-24.53,66.33
20.467,61.68,-24.50,66.37
20.500,61.75,-24.49,66.43
20.533,61.82,-24.46,66.49
20.567,61.86,-24.45,66.52
20.600,61.99,-24.45,66.63
20.633,62.11,-24.45,66.75
20.667,62.24,-24.43,66.86
20.700,62.34,-24.40,66.95
20.733,62.49,-24.40,67.09
20.767,62.60,-24.37,67.18
20.800,62.65,-24.38,67.22
20.833,62.70,-24.38,67.27
20.867,62.72,-24.44,67.31
20.900,62.80,-24.50,67.41
20.933,62.80,-24.57,67.44
20.967,62.82,-24.60,67.46
21.000,62.87,-24.64,67.53
21.033,62.81,-24.76,67.52
21.067,62.85,-24.83,67.57
21.100,62.85,-24.96,67.63
21.133,62.75,-25.10,67.59
21.167,62.72,-25.31,67.63
21.200,62.71,-25.41,67.66
21.233,62.84,-25.55,67.84
21.267,62.87,-25.64,67.89
21.300,62.95,-25.78,68.02
21.333,62.97,-25.84,68.07
21.367,63.04,-25.90,68.15
21.400,63.06,-26.05,68.23
21.433,63.06,-26.17,68.27
21.467,63.07,-26.22,68.30
21.500,63.10,-26.43,68.41
21.533,63.16,-26.54,68.52
21.567,63.19,-26.70,68.60
21.600,63.27,-26.86,68.73
21.633,63.33,-26.93,68.82
21.667,63.37,-27.02,68.89
21.700,63.40,-27.17,68.97
21.733,63.50,-27.19,69.08
21.767,63.63,-27.30,69.24
21.800,63.76,-27.50,69.44
21.833,63.80,-27.63,69.53
21.867,63.79,-27.68,69.53
21.900,63.77,-27.85,69.59
21.933,63.79,-27.91,69.63
21.967,63.77,-28.00,69.65
22.000,63.86,-28.13,69.78
22.033,63.97,-28.25,69.93
22.067,64.00,-28.44,70.03
22.100,64.05,-28.45,70.09
22.133,64.07,-28.45,70.10
22.167,64.13,-28.46,70.16
22.200,64.10,-28.45,70.13
22.233,64.07,-28.45,70.11
22.267,64.07,-28.47,70.11
22.300,64.02,-28.58,70.11
22.333,64.02,-28.60,70.12
22.367,64.03,-28.60,70.13
22.400,64.06,-28.59,70.15
22.433,64.08,-28.59,70.17
22.467,64.15,-28.69,70.28
22.500,64.24,-28.72,70.37
22.533,64.30,-28.71,70.41
22.567,64.33,-28.74,70.46
22.600,64.40,-28.74,70.52
22.633,64.45,-28.74,70.57
22.667,64.43,-28.74,70.55
22.700,64.38,-28.73,70.50
22.733,64.32,-28.76,70.45
22.767,64.37,-28.81,70.53
22.800,64.37,-28.83,70.53
22.833,64.36,-28.84,70.53
22.867,64.37,-28.85,70.54
22.900,64.37,-28.86,70.55
22.933,64.40,-28.91,70.59
22.967,64.47,-29.01,70.70
23.000,64.52,-29.06,70.76
23.033,64.61,-29.14,70.88
23.067,64.66,-29.22,70.95
23.100,64.70,-29.26,71.01
23.133,64.71,-29.31,71.04
23.167,64.70,-29.34,71.04
23.200,64.69,-29.35,71.04
23.233,64.73,-29.43,71.10
23.267,64.72,-29.53,71.14
23.300,64.78,-29.66,71.24
23.333,64.88,-29.78,71.39
23.367,65.00,-29.93,71.56
23.400,64.99,-30.02,71.59
23.433,64.99,-29.98,71.57
23.467,65.05,-29.97,71.62
23.500,65.06,-29.97,71.63
23.533,65.21,-30.05,71.80
23.567,65.37,-30.24,72.03
23.600,65.40,-30.31,72.09
23.633,65.47,-30.30,72.14
23.667,65.47,-30.29,72.13
23.700,65.47,-30.27,72.13
23.733,65.49,-30.31,72.16
23.767,65.58,-30.38,72.27
23.800,65.68,-30.42,72.38
23.833,65.87,-30.62,72.64
23.867,65.99,-30.70,72.78
23.900,66.07,-30.86,72.92
23.933,66.09,-30.88,72.95
23.967,66.11,-30.91,72.97
24.000,66.17,-31.02,73.08
24.033,66.23,-31.02,73.13
24.067,66.46,-31.14,73.39
24.100,66.54,-31.21,73.50
24.133,66.70,-31.29,73.68
24.167,66.75,-31.30,73.72
24.200,66.74,-31.31,73.72
24.233,66.79,-31.39,73.80
24.267,66.94,-31.39,73.94
24.300,67.19,-31.35,74.15
24.333,67.27,-31.38,74.23
24.367,67.37,-31.35,74.31
24.400,67.42,-31.37,74.36
24.433,67.48,-31.43,74.45
24.467,67.39,-31.52,74.40
24.500,67.33,-31.55,74.36
24.533,67.48,-31.60,74.52
24.567,67.53,-31.63,74.57
24.600,67.56,-31.72,74.63
24.633,67.58,-31.72,74.66
24.667,67.60,-31.72,74.67
24.700,67.63,-31.71,74.70
24.733,67.66,-31.68,74.71
24.767,67.69,-31.65,74.72
24.800,67.68,-31.65,74.71
24.833,67.67,-31.66,74.71
24.867,67.68,-31.66,74.72
24.900,67.68,-31.66,74.72
24.933,67.75,-31.69,74.80
24.967,68.08,-31.75,75.12
25.000,68.21,-31.81,75.26
25.033,68.33,-31.80,75.37
25.067,68.37,-31.82,75.41
25.100,68.47,-31.77,75.48
25.133,68.55,-31.84,75.58
25.167,68.61,-31.82,75.63
25.200,68.60,-31.81,75.62
25.233,68.75,-31.74,75.72
25.267,68.72,-31.67,75.67
25.300,68.81,-31.63,75.73
25.333,68.83,-31.64,75.75
25.367,68.82,-31.67,75.75
25.400,68.80,-31.69,75.75
25.433,68.82,-31.71,75.77
25.467,68.83,-31.70,75.78
25.500,68.84,-31.71,75.79
25.533,68.85,-31.70,75.79
25.567,68.84,-31.69,75.78
25.600,68.83,-31.68,75.77
25.633,68.83,-31.68,75.77
25.667,68.82,-31.67,75.76
25.700,68.83,-31.65,75.76
25.733,68.83,-31.64,75.75
25.767,68.83,-31.62,75.74
25.800,68.83,-31.60,75.74
25.833,68.77,-31.50,75.64
25.867,68.76,-31.45,75.61
25.900,68.78,-31.45,75.63
25.933,68.76,-31.47,75.62
25.967,68.70,-31.42,75.54
26.000,68.74,-31.34,75.54
26.033,68.73,-31.34,75.54
26.067,68.78,-31.30,75.56
26.100,68.77,-31.29,75.56
26.133,68.77,-31.29,75.55
26.167,68.77,-31.29,75.55
26.200,68.76,-31.29,75.55
26.233,68.75,-31.31,75.54
26.267,68.74,-31.32,75.54
26.300,68.74,-31.32,75.54
26.333,68.73,-31.33,75.53
26.367,68.73,-31.34,75.53
26.400,68.72,-31.35,75.53
26.433,68.72,-31.36,75.53
26.467,68.71,-31.37,75.53
26.500,68.71,-31.36,75.53
26.533,68.67,-31.38,75.50
26.567,68.68,-31.37,75.51
26.600,68.69,-31.36,75.51
26.633,68.69,-31.37,75.52
26.667,68.69,-31.38,75.52
26.700,68.69,-31.40,75.53
26.733,68.70,-31.39,75.53
26.767,68.70,-31.39,75.53
26.800,68.71,-31.39,75.54
26.833,68.71,-31.41,75.55
26.867,68.71,-31.39,75.54
26.900,68.71,-31.38,75.54
26.933,68.71,-31.37,75.53
26.967,68.71,-31.37,75.53
27.000,68.71,-31.37,75.53
27.033,68.69,-31.37,75.51
27.067,68.67,-31.37,75.50
27.100,68.68,-31.36,75.50
27.133,68.69,-31.36,75.51
27.167,68.69,-31.35,75.51
27.200,68.69,-31.34,75.51
27.233,68.70,-31.32,75.50
27.267,68.70,-31.33,75.50
27.300,68.69,-31.33,75.50
27.333,68.69,-31.32,75.49
27.367,68.68,-31.32,75.49
27.400,68.68,-31.32,75.49
27.433,68.68,-31.32,75.49
27.467,68.68,-31.33,75.49
27.500,68.67,-31.32,75.47
27.533,68.68,-31.33,75.49
27.567,68.67,-31.34,75.48
27.600,68.66,-31.34,75.48
27.633,68.67,-31.34,75.49
27.667,68.68,-31.34,75.49
27.700,68.68,-31.33,75.48
27.733,68.67,-31.31,75.47
27.767,68.68,-31.32,75.49
27.800,68.69,-31.32,75.49
27.833,68.67,-31.32,75.47
27.867,68.68,-31.33,75.48
27.900,68.68,-31.33,75.49
27.933,68.69,-31.33,75.50
27.967,68.68,-31.34,75.49
28.000,68.68,-31.34,75.49
28.033,68.68,-31.34,75.50
28.067,68.69,-31.34,75.50
28.100,68.68,-31.34,75.50
28.133,68.68,-31.34,75.50
28.167,68.67,-31.35,75.49
28.200,68.68,-31.35,75.49
28.233,68.68,-31.35,75.50
28.267,68.68,-31.35,75.50
28.300,68.68,-31.35,75.50
28.333,68.69,-31.36,75.50
28.367,68.67,-31.38,75.50
28.400,68.68,-31.37,75.50
28.433,68.67,-31.38,75.50
28.467,68.67,-31.39,75.50
28.500,68.66,-31.37,75.49
28.533,68.65,-31.36,75.48
28.567,68.63,-31.35,75.45
28.600,68.65,-31.35,75.47
28.633,68.65,-31.34,75.47
28.667,68.65,-31.34,75.47
28.700,68.64,-31.33,75.45
28.733,68.65,-31.33,75.47
28.767,68.65,-31.34,75.47
28.800,68.66,-31.35,75.47
28.833,68.64,-31.36,75.46
28.867,68.66,-31.35,75.48
28.900,68.64,-31.34,75.46
28.933,68.63,-31.33,75.44
28.967,68.61,-31.29,75.41
29.000,68.55,-31.29,75.35
29.033,68.51,-31.31,75.33
29.067,68.55,-31.28,75.35
29.100,68.53,-31.30,75.34
29.133,68.53,-31.27,75.33
29.167,68.53,-31.27,75.33
29.200,68.53,-31.27,75.33
29.233,68.53,-31.24,75.32
29.267,68.52,-31.19,75.28
29.300,68.50,-31.13,75.25
29.333,68.50,-31.09,75.22
29.367,68.52,-31.06,75.23
29.400,68.54,-31.05,75.24
29.433,68.55,-31.03,75.25
29.467,68.55,-31.03,75.24
29.500,68.56,-31.02,75.25
29.533,68.55,-31.02,75.25
29.567,68.54,-30.98,75.21
29.600,68.54,-30.94,75.20
29.633,68.52,-30.89,75.16
29.667,68.51,-30.87,75.14
29.700,68.48,-30.86,75.11
29.733,68.45,-30.90,75.10
29.767,68.39,-30.88,75.04
29.800,68.35,-30.87,75.00
29.833,68.35,-30.84,74.99
29.867,68.35,-30.82,74.98
29.900,68.35,-30.84,74.99
29.933,68.35,-30.81,74.97
29.967,68.40,-30.80,75.01
30.000,68.38,-30.75,74.98
