0.000,5.249,-14.20,15.14
0.033,5.215,-14.13,15.07
0.067,5.258,-14.16,15.10
0.100,5.413,-14.12,15.12
0.133,5.377,-14.03,15.02
0.167,5.448,-14.09,15.11
0.200,5.403,-14.01,15.02
0.233,5.420,-14.02,15.03
0.267,5.432,-14.02,15.04
0.300,5.541,-13.94,15.00
0.333,5.563,-13.93,15.00
0.367,5.549,-13.89,14.95
0.400,5.616,-13.92,15.01
0.433,5.585,-13.87,14.95
0.467,5.564,-13.83,14.91
0.500,5.669,-13.76,14.89
0.533,5.656,-13.70,14.82
0.567,5.715,-13.75,14.89
0.600,5.751,-13.66,14.82
0.633,5.771,-13.65,14.82
0.667,5.787,-13.65,14.82
0.700,5.704,-13.51,14.67
0.733,5.787,-13.60,14.78
0.767,5.771,-13.47,14.65
0.800,5.799,-13.41,14.61
0.833,5.835,-13.42,14.63
0.867,5.843,-13.32,14.54
0.900,5.882,-13.39,14.62
0.933,5.883,-13.31,14.55
0.967,5.908,-13.30,14.55
1.000,5.931,-13.28,14.55
1.033,5.904,-13.23,14.49
1.067,5.949,-13.20,14.48
1.100,5.990,-13.11,14.41
1.133,6.010,-13.11,14.42
1.167,6.032,-13.09,14.41
1.200,6.038,-12.99,14.32
1.233,6.114,-12.95,14.32
1.267,6.136,-12.86,14.25
1.300,6.181,-12.85,14.26
1.333,6.217,-12.84,14.27
1.367,6.208,-12.80,14.23
1.400,6.306,-12.72,14.20
1.433,6.331,-12.67,14.16
1.467,6.348,-12.63,14.14
1.500,6.379,-12.63,14.15
1.533,6.402,-12.58,14.11
1.567,6.451,-12.50,14.06
1.600,6.475,-12.46,14.04
1.633,6.502,-12.45,14.05
1.667,6.582,-12.36,14.00
1.700,6.604,-12.29,13.95
1.733,6.665,-12.31,14.00
1.767,6.661,-12.29,13.98
1.800,6.731,-12.19,13.93
1.833,6.755,-12.17,13.91
1.867,6.770,-12.15,13.91
1.900,6.796,-12.14,13.91
1.933,6.888,-12.06,13.89
1.967,6.933,-12.05,13.90
2.000,6.962,-12.04,13.91
2.033,6.961,-12.02,13.89
2.067,6.960,-12.00,13.87
2.100,6.960,-11.99,13.86
2.133,6.958,-12.00,13.87
2.167,6.956,-12.00,13.87
2.200,6.954,-12.00,13.87
2.233,6.953,-12.01,13.87
2.267,6.938,-11.99,13.86
2.300,6.941,-12.00,13.86
2.333,6.936,-12.00,13.86
2.367,6.931,-11.99,13.85
2.400,6.928,-11.99,13.85
2.433,6.923,-11.99,13.85
2.467,6.931,-12.00,13.85
2.500,6.935,-12.00,13.86
2.533,6.929,-11.99,13.85
2.567,6.923,-11.98,13.83
2.600,6.928,-11.99,13.84
2.633,6.932,-11.99,13.85
2.667,6.926,-11.98,13.84
2.700,6.930,-11.98,13.84
2.733,6.925,-11.97,13.83
2.767,6.930,-11.98,13.84
2.800,6.933,-11.99,13.85
2.833,6.946,-11.96,13.83
2.867,6.945,-11.93,13.80
2.900,6.934,-11.88,13.76
2.933,6.936,-11.88,13.75
2.967,6.888,-11.82,13.68
3.000,6.904,-11.84,13.70
3.033,6.914,-11.85,13.72
3.067,6.911,-11.84,13.71
3.100,6.908,-11.84,13.71
3.133,6.917,-11.85,13.72
3.167,6.923,-11.85,13.73
3.200,6.929,-11.85,13.73
3.233,6.933,-11.85,13.73
3.267,6.935,-11.86,13.73
3.300,6.936,-11.86,13.74
3.333,6.936,-11.86,13.74
3.367,6.918,-11.86,13.73
3.400,6.902,-11.86,13.72
3.433,6.913,-11.86,13.73
3.467,6.914,-11.87,13.73
3.500,6.915,-11.87,13.73
3.533,6.921,-11.87,13.74
3.567,6.926,-11.87,13.74
3.600,6.924,-11.86,13.73
3.633,6.920,-11.86,13.73
3.667,6.925,-11.86,13.73
3.700,6.929,-11.86,13.74
3.733,6.932,-11.85,13.73
3.767,6.934,-11.85,13.73
3.800,6.936,-11.84,13.72
3.833,6.936,-11.85,13.73
3.867,6.936,-11.85,13.73
3.900,6.940,-11.83,13.71
3.933,6.940,-11.83,13.71
3.967,6.940,-11.82,13.71
4.000,6.939,-11.83,13.72
4.033,6.940,-11.82,13.71
4.067,6.897,-11.81,13.67
4.100,6.910,-11.77,13.65
4.133,6.932,-11.73,13.62
4.167,6.945,-11.68,13.59
4.200,6.917,-11.67,13.56
4.233,6.894,-11.64,13.53
4.267,6.892,-11.58,13.48
4.300,6.890,-11.54,13.44
4.333,6.879,-11.50,13.40
4.367,6.899,-11.47,13.38
4.400,6.913,-11.45,13.37
4.433,6.907,-11.42,13.35
4.467,6.908,-11.41,13.34
4.500,6.909,-11.40,13.33
4.533,6.916,-11.40,13.34
4.567,6.880,-11.41,13.32
4.600,6.897,-11.41,13.33
4.633,6.908,-11.41,13.34
4.667,6.904,-11.41,13.33
4.700,6.899,-11.41,13.33
4.733,6.910,-11.41,13.34
4.767,6.918,-11.41,13.34
4.800,6.923,-11.41,13.34
4.833,6.895,-11.41,13.33
4.867,6.891,-11.41,13.33
4.900,6.888,-11.42,13.33
4.933,6.890,-11.43,13.35
4.967,6.904,-11.43,13.35
5.000,6.907,-11.43,13.36
5.033,6.910,-11.44,13.36
5.067,6.919,-11.43,13.36
5.100,6.914,-11.43,13.36
5.133,6.910,-11.42,13.35
5.167,6.918,-11.42,13.35
5.200,6.922,-11.42,13.35
5.233,6.926,-11.42,13.36
5.267,6.930,-11.42,13.36
5.300,6.932,-11.42,13.36
5.333,6.931,-11.42,13.36
5.367,6.928,-11.42,13.36
5.400,6.931,-11.42,13.36
5.433,6.933,-11.42,13.36
5.467,6.935,-11.42,13.36
5.500,6.929,-11.42,13.36
5.533,6.926,-11.43,13.37
5.567,6.929,-11.43,13.36
5.600,6.933,-11.43,13.36
5.633,6.935,-11.42,13.36
5.667,6.937,-11.42,13.36
5.700,6.938,-11.42,13.36
5.733,6.947,-11.41,13.36
5.767,6.953,-11.41,13.36
5.800,6.964,-11.40,13.36
5.833,6.957,-11.40,13.36
5.867,6.958,-11.40,13.36
5.900,6.955,-11.40,13.35
5.933,6.951,-11.40,13.36
5.967,6.949,-11.41,13.36
6.000,6.982,-11.40,13.37
6.033,6.943,-11.40,13.35
6.067,6.945,-11.40,13.35
6.100,6.947,-11.40,13.35
6.133,6.945,-11.40,13.35
6.167,6.944,-11.40,13.35
6.200,6.943,-11.40,13.35
6.233,6.941,-11.41,13.35
6.267,6.941,-11.41,13.35
6.300,6.921,-11.42,13.35
6.333,6.915,-11.42,13.35
6.367,6.912,-11.42,13.35
6.400,6.907,-11.43,13.35
6.433,6.916,-11.42,13.35
6.467,6.917,-11.42,13.35
6.500,6.917,-11.42,13.35
6.533,6.924,-11.42,13.35
6.567,6.929,-11.42,13.35
6.600,6.931,-11.42,13.35
6.633,6.933,-11.41,13.35
6.667,6.934,-11.41,13.36
6.700,6.935,-11.41,13.35
6.733,6.936,-11.41,13.35
6.767,6.935,-11.41,13.35
6.800,6.935,-11.41,13.35
6.833,6.935,-11.41,13.35
6.867,6.936,-11.41,13.35
6.900,6.936,-11.41,13.35
6.933,6.935,-11.41,13.36
6.967,6.933,-11.42,13.36
7.000,6.931,-11.42,13.36
7.033,6.930,-11.42,13.36
7.067,6.925,-11.42,13.36
7.100,6.920,-11.42,13.36
7.133,6.924,-11.42,13.36
7.167,6.927,-11.42,13.36
7.200,6.931,-11.42,13.36
7.233,6.932,-11.41,13.35
7.267,6.932,-11.41,13.35
7.300,6.932,-11.41,13.35
7.333,6.927,-11.41,13.35
7.367,6.921,-11.42,13.35
7.400,6.925,-11.41,13.35
7.433,6.928,-11.41,13.35
7.467,6.925,-11.41,13.35
7.500,6.923,-11.42,13.35
7.533,6.924,-11.42,13.35
7.567,6.925,-11.42,13.35
7.600,6.917,-11.42,13.35
7.633,6.911,-11.42,13.35
7.667,6.918,-11.42,13.35
7.700,6.922,-11.41,13.35
7.733,6.924,-11.41,13.35
7.767,6.923,-11.41,13.35
7.800,6.921,-11.42,13.35
7.833,6.919,-11.42,13.35
7.867,6.915,-11.42,13.35
7.900,6.916,-11.41,13.35
7.933,6.906,-11.41,13.34
7.967,6.912,-11.41,13.34
8.000,6.909,-11.41,13.34
8.033,6.906,-11.41,13.34
8.067,6.901,-11.41,13.34
8.100,6.903,-11.41,13.34
8.133,6.904,-11.41,13.34
8.167,6.895,-11.42,13.34
8.200,6.885,-11.43,13.34
8.233,6.891,-11.43,13.34
8.267,6.884,-11.42,13.34
8.300,6.893,-11.42,13.34
8.333,6.875,-11.43,13.34
8.367,6.876,-11.43,13.34
8.400,6.859,-11.41,13.31
8.433,6.816,-11.42,13.30
8.467,6.801,-11.41,13.29
8.500,6.758,-11.43,13.28
8.533,6.725,-11.44,13.27
8.567,6.736,-11.43,13.27
8.600,6.743,-11.42,13.27
8.633,6.737,-11.42,13.26
8.667,6.742,-11.42,13.26
8.700,6.734,-11.42,13.26
8.733,6.739,-11.42,13.26
8.767,6.737,-11.42,13.26
8.800,6.735,-11.41,13.25
8.833,6.738,-11.41,13.25
8.867,6.741,-11.41,13.25
8.900,6.738,-11.41,13.25
8.933,6.741,-11.41,13.25
8.967,6.740,-11.41,13.25
9.000,6.740,-11.41,13.25
9.033,6.713,-11.40,13.23
9.067,6.671,-11.40,13.21
9.100,6.649,-11.40,13.20
9.133,6.633,-11.40,13.19
9.167,6.611,-11.40,13.18
9.200,6.600,-11.40,13.17
9.233,6.583,-11.40,13.16
9.267,6.583,-11.40,13.16
9.300,6.573,-11.39,13.15
9.333,6.564,-11.39,13.14
9.367,6.559,-11.38,13.13
9.400,6.504,-11.38,13.11
9.433,6.476,-11.38,13.09
9.467,6.459,-11.38,13.08
9.500,6.443,-11.35,13.05
9.533,6.446,-11.37,13.07
9.567,6.429,-11.36,13.05
9.600,6.415,-11.35,13.04
9.633,6.425,-11.36,13.05
9.667,6.433,-11.37,13.07
9.700,6.430,-11.38,13.07
9.733,6.436,-11.39,13.08
9.767,6.427,-11.39,13.08
9.800,6.434,-11.39,13.08
9.833,6.436,-11.39,13.08
9.867,6.440,-11.39,13.08
9.900,6.441,-11.39,13.08
9.933,6.444,-11.39,13.09
9.967,6.437,-11.39,13.09
10.000,6.439,-11.39,13.09
10.033,6.436,-11.40,13.09
10.067,6.436,-11.40,13.09
10.100,6.440,-11.41,13.10
10.133,6.441,-11.41,13.10
10.167,6.442,-11.41,13.10
10.200,6.443,-11.41,13.10
10.233,6.435,-11.41,13.10
10.267,6.438,-11.41,13.10
10.300,6.436,-11.40,13.10
10.333,6.435,-11.40,13.09
10.367,6.437,-11.40,13.09
10.400,6.438,-11.40,13.09
10.433,6.437,-11.39,13.08
10.467,6.438,-11.39,13.09
10.500,6.438,-11.40,13.09
10.533,6.428,-11.39,13.08
10.567,6.421,-11.39,13.08
10.600,6.428,-11.39,13.08
10.633,6.429,-11.39,13.08
10.667,6.434,-11.39,13.08
10.700,6.431,-11.39,13.08
10.733,6.436,-11.39,13.08
10.767,6.439,-11.38,13.08
10.800,6.440,-11.39,13.08
10.833,6.442,-11.38,13.08
10.867,6.442,-11.38,13.08
10.900,6.450,-11.39,13.09
10.933,6.452,-11.39,13.09
10.967,6.453,-11.39,13.09
11.000,6.453,-11.39,13.09
11.033,6.456,-11.39,13.09
11.067,6.456,-11.39,13.09
11.100,6.456,-11.39,13.09
11.133,6.456,-11.39,13.09
11.167,6.456,-11.39,13.09
11.200,6.456,-11.39,13.09
11.233,6.456,-11.39,13.10
11.267,6.457,-11.40,13.10
11.300,6.457,-11.39,13.09
11.333,6.457,-11.39,13.09
11.367,6.465,-11.38,13.09
11.400,6.470,-11.37,13.08
11.433,6.465,-11.38,13.09
11.467,6.461,-11.39,13.10
11.500,6.459,-11.40,13.10
11.533,6.458,-11.40,13.11
11.567,6.458,-11.40,13.10
11.600,6.458,-11.40,13.10
11.633,6.459,-11.40,13.10
11.667,6.460,-11.40,13.11
11.700,6.460,-11.40,13.10
11.733,6.461,-11.40,13.11
11.767,6.462,-11.40,13.11
11.800,6.463,-11.40,13.11
11.833,6.462,-11.40,13.11
11.867,6.462,-11.40,13.11
11.900,6.474,-11.39,13.10
11.933,6.472,-11.40,13.10
11.967,6.473,-11.40,13.11
12.000,6.472,-11.40,13.11
12.033,6.470,-11.40,13.11
12.067,6.469,-11.40,13.11
12.100,6.460,-11.41,13.11
12.133,6.455,-11.41,13.11
12.167,6.458,-11.41,13.11
12.200,6.460,-11.41,13.11
12.233,6.456,-11.41,13.11
12.267,6.451,-11.42,13.11
12.300,6.454,-11.41,13.11
12.333,6.457,-11.41,13.11
12.367,6.461,-11.41,13.11
12.400,6.462,-11.40,13.11
12.433,6.463,-11.40,13.11
12.467,6.465,-11.40,13.11
12.500,6.464,-11.41,13.11
12.533,6.463,-11.41,13.11
12.567,6.463,-11.41,13.12
12.600,6.462,-11.42,13.12
12.633,6.461,-11.41,13.12
12.667,6.462,-11.41,13.11
12.700,6.464,-11.41,13.12
12.733,6.462,-11.42,13.12
12.767,6.464,-11.41,13.12
12.800,6.464,-11.41,13.11
12.833,6.465,-11.41,13.11
12.867,6.465,-11.41,13.11
12.900,6.464,-11.41,13.11
12.933,6.463,-11.41,13.11
12.967,6.466,-11.41,13.12
13.000,6.466,-11.42,13.12
13.033,6.463,-11.42,13.12
13.067,6.462,-11.41,13.11
13.100,6.460,-11.41,13.11
13.133,6.459,-11.41,13.11
13.167,6.459,-11.41,13.11
13.200,6.459,-11.41,13.11
13.233,6.460,-11.41,13.11
13.267,6.460,-11.41,13.11
13.300,6.462,-11.41,13.12
13.333,6.464,-11.42,13.12
13.367,6.464,-11.43,13.13
13.400,6.463,-11.42,13.13
13.433,6.464,-11.42,13.12
13.467,6.464,-11.42,13.12
13.500,6.466,-11.41,13.12
13.533,6.465,-11.41,13.12
13.567,6.462,-11.41,13.11
13.600,6.461,-11.41,13.11
13.633,6.459,-11.41,13.11
13.667,6.458,-11.41,13.11
13.700,6.462,-11.40,13.11
13.733,6.461,-11.40,13.10
13.767,6.460,-11.39,13.09
13.800,6.460,-11.39,13.10
13.833,6.458,-11.39,13.09
13.867,6.457,-11.39,13.09
13.900,6.458,-11.39,13.10
13.933,6.459,-11.40,13.10
13.967,6.462,-11.39,13.10
14.000,6.463,-11.39,13.09
14.033,6.462,-11.39,13.10
14.067,6.462,-11.39,13.10
14.100,6.468,-11.39,13.10
14.133,6.466,-11.39,13.10
14.167,6.466,-11.39,13.10
14.200,6.464,-11.39,13.10
14.233,6.461,-11.40,13.10
14.267,6.468,-11.40,13.10
14.300,6.468,-11.40,13.10
14.333,6.467,-11.40,13.10
14.367,6.466,-11.40,13.10
14.400,6.466,-11.40,13.11
14.433,6.465,-11.40,13.11
14.467,6.465,-11.40,13.11
14.500,6.466,-11.40,13.10
14.533,6.466,-11.40,13.11
14.567,6.466,-11.40,13.11
14.600,6.466,-11.40,13.11
14.633,6.466,-11.41,13.11
14.667,6.468,-11.41,13.11
14.700,6.468,-11.41,13.11
14.733,6.468,-11.41,13.11
14.767,6.469,-11.41,13.11
14.800,6.469,-11.41,13.11
14.833,6.477,-11.40,13.12
14.867,6.482,-11.40,13.12
14.900,6.478,-11.40,13.12
14.933,6.475,-11.41,13.12
14.967,6.473,-11.41,13.12
15.000,6.471,-11.41,13.12
15.033,6.471,-11.41,13.11
15.067,6.469,-11.41,13.11
15.100,6.469,-11.41,13.11
15.133,6.468,-11.41,13.11
15.167,6.454,-11.41,13.11
15.200,6.442,-11.42,13.11
15.233,6.449,-11.42,13.11
15.267,6.454,-11.41,13.11
15.300,6.457,-11.41,13.11
15.333,6.464,-11.42,13.12
15.367,6.466,-11.42,13.12
15.400,6.466,-11.42,13.12
15.433,6.469,-11.42,13.12
15.467,6.470,-11.42,13.12
15.500,6.472,-11.42,13.12
15.533,6.469,-11.42,13.12
15.567,6.470,-11.42,13.12
15.600,6.468,-11.41,13.12
15.633,6.467,-11.41,13.12
15.667,6.466,-11.41,13.12
15.700,6.465,-11.41,13.12
15.733,6.465,-11.42,13.12
15.767,6.465,-11.42,13.12
15.800,6.464,-11.42,13.12
15.833,6.464,-11.42,13.12
15.867,6.465,-11.42,13.12
15.900,6.466,-11.42,13.12
15.933,6.466,-11.42,13.12
15.967,6.465,-11.42,13.12
16.000,6.464,-11.41,13.12
16.033,6.463,-11.41,13.12
16.067,6.463,-11.41,13.12
16.100,6.452,-11.41,13.11
16.133,6.443,-11.41,13.10
16.167,6.456,-11.40,13.10
16.200,6.465,-11.40,13.10
16.233,6.472,-11.39,13.10
16.267,6.473,-11.39,13.10
16.300,6.491,-11.38,13.10
16.333,6.495,-11.37,13.10
16.367,6.490,-11.38,13.10
16.400,6.487,-11.38,13.10
16.433,6.482,-11.39,13.10
16.467,6.478,-11.39,13.10
16.500,6.475,-11.40,13.11
16.533,6.473,-11.40,13.11
16.567,6.471,-11.40,13.11
16.600,6.471,-11.40,13.11
16.633,6.471,-11.40,13.11
16.667,6.465,-11.40,13.10
16.700,6.468,-11.40,13.11
16.733,6.469,-11.40,13.11
16.767,6.469,-11.40,13.11
16.800,6.469,-11.41,13.11
16.833,6.469,-11.40,13.11
16.867,6.469,-11.40,13.11
16.900,6.469,-11.40,13.11
16.933,6.469,-11.40,13.11
16.967,6.470,-11.41,13.11
17.000,6.470,-11.41,13.11
17.033,6.470,-11.41,13.11
17.067,6.481,-11.40,13.12
17.100,6.479,-11.40,13.12
17.133,6.481,-11.40,13.12
17.167,6.482,-11.40,13.12
17.200,6.475,-11.41,13.12
17.233,6.473,-11.41,13.12
17.267,6.475,-11.41,13.12
17.300,6.476,-11.41,13.12
17.333,6.475,-11.41,13.12
17.367,6.475,-11.41,13.12
17.400,6.475,-11.41,13.12
17.433,6.475,-11.41,13.12
17.467,6.475,-11.41,13.12
17.500,6.475,-11.41,13.12
17.533,6.473,-11.41,13.12
17.567,6.474,-11.41,13.12
17.600,6.475,-11.41,13.12
17.633,6.476,-11.40,13.11
17.667,6.477,-11.40,13.11
17.700,6.477,-11.40,13.11
17.733,6.476,-11.40,13.11
17.767,6.475,-11.40,13.11
17.800,6.474,-11.40,13.11
17.833,6.474,-11.41,13.12
17.867,6.474,-11.41,13.12
17.900,6.474,-11.41,13.12
17.933,6.474,-11.41,13.12
17.967,6.474,-11.41,13.12
18.000,6.483,-11.40,13.12
18.033,6.490,-11.40,13.12
18.067,6.485,-11.40,13.12
18.100,6.482,-11.40,13.12
18.133,6.478,-11.41,13.12
18.167,6.476,-11.41,13.12
18.200,6.475,-11.41,13.12
18.233,6.474,-11.41,13.12
18.267,6.475,-11.41,13.12
18.300,6.474,-11.41,13.12
18.333,6.473,-11.41,13.12
18.367,6.472,-11.41,13.12
18.400,6.472,-11.41,13.12
18.433,6.472,-11.41,13.12
18.467,6.471,-11.41,13.12
18.500,6.471,-11.41,13.12
18.533,6.474,-11.41,13.12
18.567,6.473,-11.41,13.12
18.600,6.473,-11.41,13.12
18.633,6.472,-11.41,13.12
18.667,6.471,-11.41,13.12
18.700,6.471,-11.41,13.12
18.733,6.470,-11.41,13.12
18.767,6.469,-11.41,13.12
18.800,6.472,-11.41,13.12
18.833,6.473,-11.41,13.11
18.867,6.473,-11.41,13.12
18.900,6.473,-11.41,13.12
18.933,6.473,-11.41,13.12
18.967,6.473,-11.41,13.12
19.000,6.473,-11.41,13.12
19.033,6.473,-11.41,13.12
19.067,6.473,-11.41,13.12
19.100,6.473,-11.41,13.12
19.133,6.473,-11.41,13.12
19.167,6.473,-11.41,13.12
19.200,6.474,-11.40,13.11
19.233,6.478,-11.39,13.11
19.267,6.477,-11.40,13.11
19.300,6.476,-11.40,13.11
19.333,6.475,-11.40,13.11
19.367,6.474,-11.40,13.11
19.400,6.472,-11.40,13.11
19.433,6.472,-11.40,13.11
19.467,6.475,-11.40,13.11
19.500,6.494,-11.39,13.11
19.533,6.499,-11.39,13.11
19.567,6.503,-11.38,13.11
19.600,6.474,-11.40,13.11
19.633,6.475,-11.40,13.11
19.667,6.474,-11.40,13.11
19.700,6.474,-11.40,13.11
19.733,6.474,-11.40,13.11
19.767,6.484,-11.39,13.11
19.800,6.472,-11.41,13.12
19.833,6.473,-11.41,13.12
19.867,6.473,-11.41,13.12
19.900,6.474,-11.41,13.12
19.933,6.474,-11.41,13.12
19.967,6.474,-11.41,13.12
20.000,6.463,-11.42,13.12
20.033,6.466,-11.42,13.12
20.067,6.462,-11.42,13.12
20.100,6.459,-11.42,13.12
20.133,6.455,-11.42,13.12
20.167,6.453,-11.41,13.11
20.200,6.458,-11.41,13.11
20.233,6.462,-11.41,13.11
20.267,6.465,-11.41,13.12
20.300,6.466,-11.41,13.12
20.333,6.467,-11.41,13.12
20.367,6.468,-11.41,13.12
20.400,6.470,-11.41,13.12
20.433,6.473,-11.41,13.12
20.467,6.475,-11.41,13.12
20.500,6.477,-11.41,13.12
20.533,6.466,-11.42,13.13
20.567,6.467,-11.42,13.12
20.600,6.467,-11.42,13.12
20.633,6.467,-11.42,13.12
20.667,6.469,-11.41,13.12
20.700,6.470,-11.42,13.12
20.733,6.468,-11.41,13.12
20.767,6.466,-11.41,13.12
20.800,6.471,-11.41,13.12
20.833,6.472,-11.41,13.12
20.867,6.475,-11.41,13.11
20.900,6.475,-11.40,13.11
20.933,6.474,-11.40,13.11
20.967,6.473,-11.41,13.11
21.000,6.472,-11.41,13.11
21.033,6.471,-11.41,13.11
21.067,6.477,-11.40,13.11
21.100,6.479,-11.40,13.11
21.133,6.482,-11.40,13.11
21.167,6.480,-11.40,13.11
21.200,6.477,-11.40,13.11
21.233,6.475,-11.40,13.11
21.267,6.473,-11.40,13.11
21.300,6.472,-11.40,13.11
21.333,6.466,-11.41,13.11
21.367,6.468,-11.41,13.11
21.400,6.461,-11.41,13.11
21.433,6.464,-11.41,13.11
21.467,6.466,-11.41,13.11
21.500,6.467,-11.41,13.11
21.533,6.467,-11.41,13.11
21.567,6.468,-11.41,13.11
21.600,6.468,-11.41,13.11
21.633,6.468,-11.41,13.12
21.667,6.467,-11.41,13.12
21.700,6.468,-11.41,13.12
21.733,6.470,-11.42,13.12
21.767,6.470,-11.41,13.12
21.800,6.470,-11.41,13.12
21.833,6.470,-11.41,13.12
21.867,6.469,-11.41,13.12
21.900,6.472,-11.41,13.11
21.933,6.471,-11.40,13.11
21.967,6.471,-11.40,13.11
22.000,6.473,-11.40,13.11
22.033,6.472,-11.40,13.11
22.067,6.473,-11.40,13.11
22.100,6.473,-11.39,13.10
22.133,6.481,-11.38,13.10
22.167,6.481,-11.39,13.10
22.200,6.484,-11.38,13.10
22.233,6.485,-11.38,13.10
22.267,6.480,-11.39,13.10
22.300,6.485,-11.39,13.10
22.333,6.480,-11.39,13.11
22.367,6.477,-11.39,13.11
22.400,6.483,-11.38,13.10
22.433,6.481,-11.38,13.10
22.467,6.477,-11.39,13.10
22.500,6.475,-11.39,13.10
22.533,6.474,-11.40,13.11
22.567,6.473,-11.40,13.11
22.600,6.473,-11.40,13.11
22.633,6.472,-11.40,13.11
22.667,6.472,-11.40,13.11
22.700,6.472,-11.40,13.11
22.733,6.472,-11.40,13.11
22.767,6.472,-11.40,13.11
22.800,6.472,-11.40,13.11
22.833,6.472,-11.40,13.11
22.867,6.472,-11.40,13.11
22.900,6.472,-11.40,13.11
22.933,6.475,-11.40,13.11
22.967,6.475,-11.40,13.11
23.000,6.475,-11.40,13.11
23.033,6.475,-11.40,13.11
23.067,6.477,-11.40,13.11
23.100,6.475,-11.40,13.11
23.133,6.475,-11.40,13.11
23.167,6.475,-11.40,13.11
23.200,6.474,-11.40,13.11
23.233,6.474,-11.40,13.11
23.267,6.474,-11.40,13.11
23.300,6.474,-11.40,13.11
23.333,6.474,-11.40,13.11
23.367,6.474,-11.40,13.11
23.400,6.474,-11.40,13.11
23.433,6.474,-11.40,13.11
23.467,6.483,-11.41,13.12
23.500,6.482,-11.40,13.12
23.533,6.479,-11.40,13.12
23.567,6.477,-11.40,13.12
23.600,6.476,-11.40,13.11
23.633,6.475,-11.40,13.11
23.667,6.474,-11.40,13.11
23.700,6.474,-11.40,13.11
23.733,6.473,-11.40,13.11
23.767,6.473,-11.40,13.11
23.800,6.473,-11.40,13.11
23.833,6.473,-11.40,13.11
23.867,6.476,-11.40,13.11
23.900,6.477,-11.40,13.11
23.933,6.476,-11.40,13.11
23.967,6.476,-11.40,13.11
24.000,6.472,-11.41,13.11
24.033,6.470,-11.41,13.12
24.067,6.468,-11.41,13.12
24.100,6.467,-11.41,13.12
24.133,6.469,-11.41,13.12
24.167,6.470,-11.41,13.12
24.200,6.471,-11.41,13.12
24.233,6.471,-11.41,13.12
24.267,6.480,-11.39,13.11
24.300,6.488,-11.38,13.10
24.333,6.487,-11.39,13.10
24.367,6.484,-11.39,13.10
24.400,6.477,-11.40,13.11
24.433,6.472,-11.40,13.11
24.467,6.468,-11.41,13.11
24.500,6.464,-11.41,13.12
24.533,6.469,-11.41,13.11
24.567,6.473,-11.40,13.11
24.600,6.472,-11.40,13.11
24.633,6.472,-11.40,13.11
24.667,6.475,-11.40,13.11
24.700,6.476,-11.40,13.11
24.733,6.475,-11.40,13.11
24.767,6.474,-11.40,13.11
24.800,6.477,-11.40,13.11
24.833,6.476,-11.40,13.11
24.867,6.476,-11.40,13.11
24.900,6.476,-11.40,13.11
24.933,6.476,-11.40,13.11
24.967,6.476,-11.40,13.11
25.000,6.481,-11.39,13.11
25.033,6.480,-11.40,13.11
25.067,6.478,-11.40,13.11
25.100,6.477,-11.40,13.11
25.133,6.476,-11.40,13.11
25.167,6.476,-11.40,13.11
25.200,6.476,-11.40,13.11
25.233,6.475,-11.40,13.11
25.267,6.475,-11.40,13.11
25.300,6.474,-11.40,13.11
25.333,6.472,-11.40,13.11
25.367,6.473,-11.40,13.11
25.400,6.473,-11.40,13.11
25.433,6.474,-11.40,13.11
25.467,6.476,-11.40,13.11
25.500,6.475,-11.40,13.11
25.533,6.474,-11.41,13.11
25.567,6.473,-11.41,13.12
25.600,6.468,-11.41,13.12
25.633,6.466,-11.41,13.12
25.667,6.464,-11.41,13.12
25.700,6.455,-11.42,13.12
25.733,6.460,-11.42,13.12
25.767,6.459,-11.42,13.12
25.800,6.457,-11.43,13.13
25.833,6.460,-11.42,13.12
25.867,6.461,-11.42,13.12
25.900,6.463,-11.42,13.12
25.933,6.462,-11.42,13.12
25.967,6.445,-11.42,13.12
26.000,6.461,-11.42,13.12
26.033,6.458,-11.42,13.12
26.067,6.456,-11.41,13.11
26.100,6.459,-11.41,13.11
26.133,6.462,-11.41,13.11
26.167,6.464,-11.41,13.11
26.200,6.465,-11.41,13.11
26.233,6.466,-11.41,13.11
26.267,6.467,-11.41,13.11
26.300,6.467,-11.41,13.11
26.333,6.466,-11.41,13.11
26.367,6.460,-11.43,13.12
26.400,6.464,-11.41,13.12
26.433,6.461,-11.42,13.12
26.467,6.463,-11.42,13.12
26.500,6.466,-11.41,13.12
26.533,6.468,-11.41,13.11
26.567,6.469,-11.40,13.11
26.600,6.469,-11.40,13.11
26.633,6.472,-11.40,13.11
26.667,6.471,-11.40,13.11
26.700,6.471,-11.40,13.11
26.733,6.471,-11.40,13.11
26.767,6.478,-11.40,13.11
26.800,6.487,-11.39,13.11
26.833,6.498,-11.38,13.10
26.867,6.494,-11.38,13.10
26.900,6.491,-11.38,13.10
26.933,6.488,-11.39,13.10
26.967,6.488,-11.38,13.10
27.000,6.484,-11.39,13.11
27.033,6.480,-11.40,13.11
27.067,6.477,-11.40,13.11
27.100,6.476,-11.40,13.11
27.133,6.475,-11.40,13.11
27.167,6.469,-11.41,13.11
27.200,6.464,-11.41,13.11
27.233,6.453,-11.42,13.11
27.267,6.457,-11.41,13.11
27.300,6.460,-11.41,13.11
27.333,6.461,-11.41,13.11
27.367,6.461,-11.41,13.11
27.400,6.463,-11.41,13.11
27.433,6.463,-11.42,13.12
27.467,6.460,-11.42,13.12
27.500,6.463,-11.42,13.12
27.533,6.464,-11.42,13.12
27.567,6.471,-11.42,13.12
27.600,6.469,-11.41,13.12
27.633,6.468,-11.41,13.12
27.667,6.468,-11.41,13.12
27.700,6.470,-11.41,13.11
27.733,6.471,-11.40,13.11
27.767,6.470,-11.41,13.11
27.800,6.469,-11.41,13.11
27.833,6.469,-11.41,13.11
27.867,6.473,-11.40,13.11
27.900,6.473,-11.40,13.11
27.933,6.473,-11.40,13.11
27.967,6.478,-11.40,13.11
28.000,6.474,-11.41,13.11
28.033,6.505,-11.39,13.12
28.067,6.494,-11.39,13.12
28.100,6.488,-11.40,13.11
28.133,6.495,-11.39,13.11
28.167,6.494,-11.39,13.11
28.200,6.487,-11.40,13.11
28.233,6.483,-11.39,13.11
28.267,6.479,-11.39,13.10
28.300,6.477,-11.39,13.10
28.333,6.476,-11.40,13.11
28.367,6.477,-11.40,13.11
28.400,6.478,-11.40,13.11
28.433,6.476,-11.40,13.11
28.467,6.475,-11.40,13.11
28.500,6.480,-11.39,13.11
28.533,6.482,-11.39,13.10
28.567,6.480,-11.39,13.11
28.600,6.478,-11.40,13.11
28.633,6.478,-11.40,13.11
28.667,6.479,-11.39,13.11
28.700,6.479,-11.40,13.11
28.733,6.477,-11.40,13.11
28.767,6.478,-11.40,13.11
28.800,6.477,-11.40,13.11
28.833,6.477,-11.40,13.11
28.867,6.476,-11.40,13.11
28.900,6.475,-11.40,13.11
28.933,6.475,-11.40,13.11
28.967,6.474,-11.40,13.11
29.000,6.474,-11.40,13.11
29.033,6.472,-11.41,13.11
29.067,6.470,-11.41,13.11
29.100,6.471,-11.41,13.11
29.133,6.471,-11.41,13.11
29.167,6.471,-11.41,13.11
29.200,6.471,-11.41,13.11
29.233,6.471,-11.41,13.11
29.267,6.471,-11.41,13.11
29.300,6.471,-11.40,13.11
29.333,6.472,-11.40,13.11
29.367,6.472,-11.40,13.11
29.400,6.472,-11.40,13.11
29.433,6.472,-11.41,13.11
29.467,6.472,-11.41,13.11
29.500,6.471,-11.41,13.11
29.533,6.472,-11.41,13.11
29.567,6.471,-11.41,13.11
29.600,6.479,-11.40,13.11
29.633,6.480,-11.40,13.11
29.667,6.480,-11.40,13.11
29.700,6.478,-11.40,13.11
29.733,6.478,-11.40,13.11
29.767,6.478,-11.40,13.11
29.800,6.477,-11.40,13.11
29.833,6.477,-11.40,13.11
29.867,6.487,-11.39,13.11
29.900,6.485,-11.39,13.11
29.933,6.481,-11.39,13.11
29.967,6.478,-11.40,13.11
30.000,6.476,-11.40,13.11
