0.000,17.75,-13.59,22.36
0.033,17.75,-13.49,22.30
0.067,17.83,-13.51,22.37
0.100,17.94,-13.44,22.42
0.133,17.94,-13.38,22.38
0.167,18.05,-13.38,22.47
0.200,18.12,-13.33,22.49
0.233,18.17,-13.26,22.49
0.267,18.26,-13.26,22.56
0.300,18.36,-13.16,22.59
0.333,18.41,-13.13,22.61
0.367,18.51,-13.02,22.63
0.400,18.63,-13.00,22.72
0.433,18.62,-12.91,22.66
0.467,18.69,-12.92,22.72
0.500,18.84,-12.87,22.82
0.533,18.90,-12.72,22.78
0.567,18.97,-12.64,22.79
0.600,19.07,-12.51,22.81
0.633,19.13,-12.49,22.84
0.667,19.16,-12.48,22.87
0.700,19.18,-12.35,22.82
0.733,19.25,-12.31,22.85
0.767,19.27,-12.18,22.80
0.800,19.41,-12.07,22.85
0.833,19.47,-12.07,22.90
0.867,19.46,-11.90,22.81
0.900,19.52,-11.90,22.86
0.933,19.54,-11.69,22.77
0.967,19.59,-11.67,22.81
1.000,19.67,-11.65,22.86
1.033,19.62,-11.47,22.72
1.067,19.65,-11.43,22.73
1.100,19.59,-11.22,22.57
1.133,19.62,-11.18,22.58
1.167,19.60,-11.09,22.52
1.200,19.60,-10.91,22.43
1.233,19.65,-10.92,22.48
1.267,19.60,-10.76,22.36
1.300,19.63,-10.70,22.36
1.333,19.64,-10.62,22.33
1.367,19.63,-10.50,22.26
1.400,19.66,-10.46,22.27
1.433,19.64,-10.36,22.21
1.467,19.65,-10.31,22.19
1.500,19.66,-10.25,22.17
1.533,19.65,-10.08,22.09
1.567,19.65,-9.994,22.05
1.600,19.67,-9.904,22.02
1.633,19.70,-9.834,22.01
1.667,19.78,-9.794,22.07
1.700,19.79,-9.668,22.03
1.733,19.88,-9.600,22.08
1.767,19.92,-9.534,22.08
1.800,20.02,-9.470,22.15
1.833,20.06,-9.378,22.14
1.867,20.11,-9.307,22.16
1.900,20.19,-9.164,22.17
1.933,20.24,-9.086,22.19
1.967,20.35,-8.979,22.24
2.000,20.39,-8.894,22.25
2.033,20.50,-8.807,22.31
2.067,20.58,-8.766,22.37
2.100,20.72,-8.631,22.44
2.133,20.83,-8.508,22.50
2.167,20.86,-8.458,22.51
2.200,21.02,-8.349,22.62
2.233,21.05,-8.311,22.63
2.267,21.15,-8.198,22.68
2.300,21.28,-8.080,22.77
2.333,21.32,-8.027,22.78
2.367,21.42,-7.974,22.85
2.400,21.57,-7.888,22.97
2.433,21.63,-7.860,23.02
2.467,21.76,-7.729,23.09
2.500,21.81,-7.690,23.13
2.533,21.93,-7.581,23.20
2.567,22.07,-7.442,23.29
2.600,22.13,-7.384,23.33
2.633,22.26,-7.277,23.42
2.667,22.29,-7.241,23.43
2.700,22.39,-7.128,23.50
2.733,22.51,-6.954,23.56
2.767,22.59,-6.926,23.63
2.800,22.71,-6.785,23.70
2.833,22.80,-6.639,23.75
2.867,22.81,-6.599,23.75
2.900,22.95,-6.469,23.85
2.933,23.08,-6.402,23.95
2.967,23.07,-6.322,23.92
3.000,23.13,-6.257,23.96
3.033,23.29,-6.166,24.09
3.067,23.41,-6.040,24.17
3.100,23.51,-6.006,24.26
3.133,23.66,-5.928,24.39
3.167,23.73,-5.842,24.44
3.200,23.80,-5.834,24.51
3.233,23.97,-5.761,24.66
3.267,24.03,-5.668,24.69
3.300,24.06,-5.648,24.71
3.333,24.18,-5.646,24.83
3.367,24.38,-5.569,25.01
3.400,24.45,-5.545,25.08
3.433,24.53,-5.495,25.14
3.467,24.69,-5.442,25.28
3.500,24.78,-5.411,25.36
3.533,24.81,-5.341,25.38
3.567,24.99,-5.270,25.54
3.600,25.11,-5.205,25.64
3.633,25.31,-5.138,25.82
3.667,25.38,-5.113,25.89
3.700,25.43,-5.025,25.93
3.733,25.60,-4.945,26.07
3.767,25.64,-4.892,26.11
3.800,25.75,-4.777,26.19
3.833,25.77,-4.723,26.20
3.867,25.91,-4.629,26.32
3.900,25.95,-4.589,26.35
3.933,25.93,-4.563,26.33
3.967,26.00,-4.537,26.40
4.000,25.98,-4.496,26.37
4.033,25.97,-4.463,26.35
4.067,26.04,-4.345,26.40
4.100,26.06,-4.291,26.41
4.133,26.08,-4.253,26.43
4.167,26.17,-4.130,26.49
4.200,26.21,-4.100,26.53
4.233,26.30,-4.075,26.61
4.267,26.29,-4.038,26.60
4.300,26.28,-4.012,26.59
4.333,26.28,-3.994,26.58
4.367,26.28,-3.980,26.58
4.400,26.27,-3.957,26.57
4.433,26.33,-3.839,26.60
4.467,26.35,-3.813,26.62
4.500,26.36,-3.797,26.64
4.533,26.42,-3.771,26.69
4.567,26.42,-3.716,26.68
4.600,26.44,-3.690,26.69
4.633,26.42,-3.657,26.67
4.667,26.42,-3.655,26.67
4.700,26.42,-3.654,26.67
4.733,26.52,-3.594,26.76
4.767,26.57,-3.582,26.81
4.800,26.62,-3.571,26.86
4.833,26.66,-3.487,26.89
4.867,26.80,-3.407,27.01
4.900,26.87,-3.398,27.09
4.933,26.94,-3.393,27.15
4.967,27.02,-3.304,27.23
5.000,27.09,-3.294,27.29
5.033,27.14,-3.232,27.33
5.067,27.19,-3.245,27.38
5.100,27.31,-3.205,27.49
5.133,27.42,-3.201,27.61
5.167,27.59,-3.233,27.78
5.200,27.74,-3.238,27.93
5.233,27.86,-3.229,28.05
5.267,27.92,-3.223,28.10
5.300,28.08,-3.239,28.27
5.333,28.22,-3.244,28.41
5.367,28.35,-3.267,28.53
5.400,28.54,-3.296,28.73
5.433,28.69,-3.358,28.89
5.467,28.90,-3.445,29.10
5.500,29.02,-3.460,29.22
5.533,29.20,-3.481,29.40
5.567,29.29,-3.577,29.51
5.600,29.49,-3.648,29.72
5.633,29.63,-3.702,29.86
5.667,29.77,-3.825,30.01
5.700,29.94,-3.902,30.19
5.733,30.12,-3.967,30.38
5.767,30.26,-4.017,30.52
5.800,30.33,-4.056,30.60
5.833,30.55,-4.104,30.82
5.867,30.65,-4.164,30.93
5.900,30.78,-4.206,31.06
5.933,30.94,-4.261,31.23
5.967,31.01,-4.339,31.31
6.000,31.10,-4.372,31.40
6.033,31.29,-4.466,31.60
6.067,31.37,-4.518,31.70
6.100,31.48,-4.626,31.82
6.133,31.56,-4.684,31.90
6.167,31.70,-4.775,32.06
6.200,31.83,-4.899,32.21
6.233,31.99,-5.026,32.38
6.267,32.08,-5.134,32.49
6.300,32.32,-5.213,32.73
6.333,32.40,-5.282,32.83
6.367,32.58,-5.357,33.01
6.400,32.69,-5.435,33.14
6.433,32.86,-5.506,33.32
6.467,32.95,-5.538,33.41
6.500,33.06,-5.595,33.53
6.533,33.27,-5.660,33.75
6.567,33.37,-5.720,33.85
6.600,33.45,-5.756,33.94
6.633,33.59,-5.785,34.08
6.667,33.83,-5.806,34.32
6.700,33.92,-5.925,34.43
6.733,34.11,-5.956,34.63
6.767,34.19,-6.027,34.71
6.800,34.26,-6.088,34.79
6.833,34.48,-6.148,35.02
6.867,34.64,-6.268,35.21
6.900,34.69,-6.339,35.26
6.933,34.88,-6.425,35.46
6.967,34.97,-6.548,35.58
7.000,35.16,-6.624,35.78
7.033,35.20,-6.680,35.83
7.067,35.37,-6.775,36.01
7.100,35.51,-6.906,36.18
7.133,35.58,-6.949,36.25
7.167,35.70,-7.042,36.39
7.200,35.74,-7.078,36.43
7.233,35.79,-7.162,36.50
7.267,35.96,-7.237,36.68
7.300,36.02,-7.285,36.75
7.333,36.16,-7.347,36.90
7.367,36.22,-7.426,36.97
7.400,36.33,-7.454,37.08
7.433,36.50,-7.495,37.26
7.467,36.56,-7.603,37.34
7.500,36.75,-7.666,37.54
7.533,36.86,-7.705,37.66
7.567,36.98,-7.780,37.79
7.600,37.23,-7.810,38.04
7.633,37.31,-7.860,38.13
7.667,37.43,-7.818,38.23
7.700,37.52,-7.852,38.33
7.733,37.65,-7.862,38.46
7.767,37.80,-7.863,38.61
7.800,37.88,-7.834,38.69
7.833,38.01,-7.814,38.81
7.867,38.14,-7.803,38.93
7.900,38.23,-7.791,39.02
7.933,38.34,-7.750,39.11
7.967,38.41,-7.722,39.18
8.000,38.51,-7.699,39.27
8.033,38.57,-7.668,39.33
8.067,38.73,-7.667,39.49
8.100,38.90,-7.636,39.64
8.133,39.02,-7.607,39.76
8.167,39.11,-7.574,39.83
8.200,39.27,-7.564,39.99
8.233,39.35,-7.560,40.07
8.267,39.47,-7.564,40.19
8.300,39.62,-7.589,40.34
8.333,39.78,-7.601,40.49
8.367,39.92,-7.600,40.63
8.400,40.09,-7.601,40.80
8.433,40.21,-7.638,40.93
8.467,40.33,-7.651,41.05
8.500,40.43,-7.719,41.16
8.533,40.55,-7.776,41.29
8.567,40.73,-7.806,41.47
8.600,40.78,-7.855,41.53
8.633,40.84,-7.922,41.60
8.667,40.98,-7.957,41.75
8.700,41.07,-8.044,41.85
8.733,41.20,-8.123,41.99
8.767,41.27,-8.162,42.07
8.800,41.31,-8.215,42.12
8.833,41.37,-8.234,42.18
8.867,41.51,-8.290,42.33
8.900,41.57,-8.323,42.40
8.933,41.61,-8.382,42.45
8.967,41.67,-8.407,42.51
9.000,41.82,-8.468,42.66
9.033,41.92,-8.519,42.78
9.067,41.98,-8.504,42.83
9.100,42.10,-8.510,42.95
9.133,42.17,-8.524,43.02
9.167,42.20,-8.508,43.05
9.200,42.29,-8.546,43.14
9.233,42.35,-8.514,43.20
9.267,42.41,-8.519,43.25
9.300,42.47,-8.496,43.31
9.333,42.53,-8.479,43.36
9.367,42.58,-8.474,43.41
9.400,42.65,-8.456,43.48
9.433,42.69,-8.447,43.52
9.467,42.78,-8.430,43.61
9.500,42.85,-8.396,43.67
9.533,42.93,-8.336,43.73
9.567,42.95,-8.278,43.74
9.600,43.05,-8.207,43.83
9.633,43.16,-8.157,43.92
9.667,43.24,-8.139,44.00
9.700,43.38,-8.077,44.12
9.733,43.43,-8.000,44.16
9.767,43.56,-7.909,44.27
9.800,43.62,-7.841,44.32
9.833,43.68,-7.848,44.38
9.867,43.72,-7.854,44.42
9.900,43.85,-7.763,44.53
9.933,43.88,-7.712,44.55
9.967,44.02,-7.630,44.68
10.000,44.06,-7.581,44.71
10.033,44.10,-7.503,44.73
10.067,44.26,-7.438,44.88
10.100,44.34,-7.401,44.95
10.133,44.49,-7.321,45.09
10.167,44.53,-7.262,45.11
10.200,44.65,-7.161,45.22
10.233,44.67,-7.097,45.23
10.267,44.79,-6.982,45.33
10.300,44.80,-6.903,45.33
10.333,44.90,-6.776,45.41
10.367,44.94,-6.741,45.44
10.400,45.04,-6.635,45.53
10.433,45.14,-6.554,45.61
10.467,45.13,-6.470,45.59
10.500,45.20,-6.337,45.64
10.533,45.22,-6.267,45.65
10.567,45.27,-6.207,45.69
10.600,45.25,-6.126,45.67
10.633,45.32,-5.997,45.72
10.667,45.41,-5.942,45.80
10.700,45.36,-5.793,45.73
10.733,45.41,-5.729,45.77
10.767,45.41,-5.676,45.77
10.800,45.46,-5.633,45.81
10.833,45.50,-5.441,45.83
10.867,45.53,-5.344,45.84
10.900,45.55,-5.275,45.85
10.933,45.54,-5.194,45.84
10.967,45.57,-5.116,45.86
11.000,45.57,-4.983,45.84
11.033,45.56,-4.914,45.83
11.067,45.58,-4.846,45.83
11.100,45.57,-4.835,45.82
11.133,45.57,-4.830,45.82
11.167,45.56,-4.820,45.82
11.200,45.56,-4.813,45.82
11.233,45.56,-4.807,45.82
11.267,45.56,-4.803,45.81
11.300,45.56,-4.802,45.81
11.333,45.56,-4.800,45.81
11.367,45.56,-4.800,45.81
11.400,45.56,-4.801,45.82
11.433,45.56,-4.805,45.81
11.467,45.56,-4.806,45.82
11.500,45.56,-4.811,45.82
11.533,45.56,-4.807,45.82
11.567,45.56,-4.806,45.82
11.600,45.56,-4.803,45.81
11.633,45.56,-4.800,45.81
11.667,45.56,-4.800,45.81
11.700,45.57,-4.801,45.82
11.733,45.58,-4.801,45.83
11.767,45.59,-4.802,45.84
11.800,45.58,-4.799,45.83
11.833,45.57,-4.788,45.82
11.867,45.57,-4.790,45.82
11.900,45.57,-4.786,45.82
11.933,45.57,-4.782,45.82
11.967,45.57,-4.783,45.82
12.000,45.57,-4.779,45.82
12.033,45.57,-4.765,45.82
12.067,45.57,-4.751,45.82
12.100,45.57,-4.754,45.82
12.133,45.58,-4.744,45.82
12.167,45.58,-4.720,45.82
12.200,45.57,-4.726,45.82
12.233,45.65,-4.668,45.89
12.267,45.67,-4.650,45.90
12.300,45.70,-4.636,45.94
12.333,45.71,-4.632,45.94
12.367,45.72,-4.620,45.95
12.400,45.74,-4.609,45.97
12.433,45.83,-4.525,46.06
12.467,45.86,-4.500,46.08
12.500,45.89,-4.495,46.11
12.533,45.92,-4.493,46.14
12.567,45.94,-4.414,46.15
12.600,46.01,-4.445,46.22
12.633,46.03,-4.456,46.25
12.667,46.06,-4.462,46.27
12.700,46.09,-4.427,46.30
12.733,46.11,-4.440,46.33
12.767,46.15,-4.446,46.36
12.800,46.18,-4.447,46.39
12.833,46.20,-4.449,46.41
12.867,46.21,-4.449,46.42
12.900,46.34,-4.386,46.54
12.933,46.33,-4.364,46.54
12.967,46.35,-4.342,46.55
13.000,46.36,-4.326,46.56
13.033,46.37,-4.303,46.56
13.067,46.37,-4.286,46.57
13.100,46.49,-4.240,46.68
13.133,46.51,-4.212,46.70
13.167,46.51,-4.200,46.70
13.200,46.53,-4.150,46.72
13.233,46.65,-4.079,46.83
13.267,46.65,-4.039,46.83
13.300,46.65,-4.010,46.82
13.333,46.65,-3.985,46.82
13.367,46.65,-3.963,46.82
13.400,46.74,-3.892,46.90
13.433,46.73,-3.829,46.89
13.467,46.80,-3.771,46.95
13.500,46.77,-3.704,46.91
13.533,46.74,-3.656,46.88
13.567,46.80,-3.624,46.94
13.600,46.78,-3.549,46.92
13.633,46.77,-3.492,46.90
13.667,46.80,-3.433,46.92
13.700,46.76,-3.364,46.88
13.733,46.75,-3.294,46.87
13.767,46.75,-3.195,46.86
13.800,46.76,-3.096,46.86
13.833,46.73,-2.985,46.83
13.867,46.70,-2.898,46.79
13.900,46.66,-2.855,46.75
13.933,46.64,-2.752,46.72
13.967,46.64,-2.704,46.72
14.000,46.62,-2.646,46.69
14.033,46.62,-2.564,46.69
14.067,46.62,-2.483,46.69
14.100,46.62,-2.412,46.68
14.133,46.60,-2.347,46.66
14.167,46.62,-2.258,46.67
14.200,46.61,-2.191,46.66
14.233,46.62,-2.139,46.67
14.267,46.62,-2.087,46.67
14.300,46.62,-2.029,46.66
14.333,46.62,-1.977,46.66
14.367,46.62,-1.946,46.66
14.400,46.66,-1.911,46.69
14.433,46.68,-1.809,46.72
14.467,46.67,-1.781,46.70
14.500,46.65,-1.715,46.68
14.533,46.69,-1.676,46.72
14.567,46.67,-1.563,46.70
14.600,46.66,-1.480,46.69
14.633,46.65,-1.414,46.68
14.667,46.65,-1.329,46.67
14.700,46.61,-1.231,46.63
14.733,46.62,-1.116,46.63
14.767,46.64,-1.038,46.65
14.800,46.66,-0.985,46.67
14.833,46.62,-0.849,46.62
14.867,46.62,-0.710,46.63
14.900,46.61,-0.654,46.61
14.933,46.60,-0.576,46.60
14.967,46.61,-0.567,46.62
15.000,46.62,-0.578,46.62
15.033,46.62,-0.563,46.62
15.067,46.62,-0.552,46.62
15.100,46.62,-0.553,46.63
15.133,46.62,-0.566,46.63
15.167,46.57,-0.566,46.57
15.200,46.59,-0.572,46.59
15.233,46.59,-0.570,46.59
15.267,46.58,-0.569,46.58
15.300,46.60,-0.591,46.60
15.333,46.60,-0.606,46.61
15.367,46.61,-0.609,46.62
15.400,46.61,-0.606,46.62
15.433,46.63,-0.604,46.63
15.467,46.64,-0.603,46.64
15.500,46.64,-0.604,46.64
15.533,46.64,-0.603,46.64
15.567,46.64,-0.601,46.64
15.600,46.65,-0.601,46.66
15.633,46.65,-0.601,46.65
15.667,46.64,-0.601,46.64
15.700,46.64,-0.600,46.65
15.733,46.64,-0.600,46.65
15.767,46.65,-0.599,46.65
15.800,46.65,-0.599,46.65
15.833,46.65,-0.599,46.66
15.867,46.65,-0.596,46.65
15.900,46.64,-0.589,46.65
15.933,46.64,-0.592,46.64
15.967,46.64,-0.592,46.64
16.000,46.64,-0.592,46.64
16.033,46.64,-0.582,46.64
16.067,46.63,-0.577,46.64
16.100,46.62,-0.586,46.63
16.133,46.62,-0.596,46.63
16.167,46.63,-0.633,46.63
16.200,46.63,-0.624,46.63
16.233,46.63,-0.622,46.64
16.267,46.64,-0.619,46.64
16.300,46.64,-0.618,46.64
16.333,46.64,-0.615,46.64
16.367,46.64,-0.612,46.64
16.400,46.63,-0.610,46.64
16.433,46.63,-0.612,46.64
16.467,46.63,-0.608,46.63
16.500,46.63,-0.609,46.63
16.533,46.63,-0.608,46.63
16.567,46.63,-0.609,46.63
16.600,46.63,-0.609,46.63
16.633,46.63,-0.609,46.63
16.667,46.63,-0.607,46.63
16.700,46.63,-0.604,46.63
16.733,46.62,-0.602,46.63
16.767,46.62,-0.601,46.63
16.800,46.62,-0.600,46.62
16.833,46.62,-0.618,46.63
16.867,46.62,-0.600,46.63
16.900,46.62,-0.602,46.63
16.933,46.63,-0.603,46.63
16.967,46.63,-0.608,46.63
17.000,46.63,-0.612,46.63
17.033,46.63,-0.615,46.63
17.067,46.63,-0.614,46.63
17.100,46.63,-0.612,46.63
17.133,46.63,-0.611,46.63
17.167,46.63,-0.610,46.63
17.200,46.63,-0.611,46.63
17.233,46.63,-0.610,46.63
17.267,46.63,-0.609,46.64
17.300,46.63,-0.608,46.64
17.333,46.63,-0.613,46.64
17.367,46.63,-0.617,46.63
17.400,46.64,-0.626,46.64
17.433,46.64,-0.624,46.64
17.467,46.63,-0.621,46.64
17.500,46.63,-0.620,46.64
17.533,46.63,-0.619,46.64
17.567,46.63,-0.627,46.64
17.600,46.63,-0.617,46.63
17.633,46.63,-0.609,46.63
17.667,46.63,-0.618,46.63
17.700,46.63,-0.623,46.63
17.733,46.63,-0.613,46.63
17.767,46.63,-0.614,46.63
17.800,46.63,-0.614,46.63
17.833,46.63,-0.622,46.63
17.867,46.63,-0.610,46.64
17.900,46.63,-0.611,46.64
17.933,46.63,-0.611,46.64
17.967,46.63,-0.612,46.64
18.000,46.63,-0.613,46.64
18.033,46.63,-0.614,46.64
18.067,46.63,-0.614,46.64
18.100,46.64,-0.617,46.64
18.133,46.64,-0.615,46.65
18.167,46.65,-0.614,46.65
18.200,46.65,-0.613,46.65
18.233,46.65,-0.614,46.66
18.267,46.65,-0.613,46.65
18.300,46.64,-0.614,46.65
18.333,46.64,-0.614,46.64
18.367,46.64,-0.615,46.64
18.400,46.64,-0.615,46.64
18.433,46.64,-0.617,46.64
18.467,46.64,-0.616,46.64
18.500,46.64,-0.616,46.64
18.533,46.64,-0.616,46.64
18.567,46.64,-0.616,46.64
18.600,46.64,-0.616,46.64
18.633,46.63,-0.614,46.64
18.667,46.64,-0.615,46.64
18.700,46.64,-0.615,46.64
18.733,46.64,-0.615,46.64
18.767,46.64,-0.615,46.64
18.800,46.64,-0.615,46.64
18.833,46.64,-0.615,46.64
18.867,46.64,-0.615,46.64
18.900,46.64,-0.614,46.64
18.933,46.64,-0.615,46.64
18.967,46.64,-0.615,46.64
19.000,46.64,-0.610,46.64
19.033,46.63,-0.606,46.64
19.067,46.63,-0.608,46.64
19.100,46.63,-0.609,46.64
19.133,46.64,-0.610,46.64
19.167,46.64,-0.610,46.64
19.200,46.64,-0.610,46.64
19.233,46.64,-0.610,46.64
19.267,46.64,-0.610,46.64
19.300,46.64,-0.610,46.64
19.333,46.64,-0.616,46.65
19.367,46.65,-0.620,46.65
19.400,46.65,-0.618,46.65
19.433,46.65,-0.617,46.65
19.467,46.65,-0.613,46.65
19.500,46.65,-0.607,46.65
19.533,46.65,-0.608,46.66
19.567,46.65,-0.610,46.65
19.600,46.65,-0.608,46.65
19.633,46.64,-0.608,46.65
19.667,46.64,-0.608,46.65
19.700,46.64,-0.607,46.65
19.733,46.64,-0.606,46.65
19.767,46.64,-0.607,46.65
19.800,46.64,-0.607,46.65
19.833,46.64,-0.608,46.64
19.867,46.65,-0.596,46.65
19.900,46.65,-0.598,46.65
19.933,46.65,-0.598,46.66
19.967,46.65,-0.600,46.66
20.000,46.63,-0.597,46.64
20.033,46.62,-0.596,46.63
20.067,46.63,-0.598,46.63
20.100,46.63,-0.598,46.63
20.133,46.63,-0.600,46.63
20.167,46.63,-0.600,46.63
20.200,46.64,-0.620,46.64
20.233,46.63,-0.596,46.63
20.267,46.63,-0.596,46.63
20.300,46.63,-0.598,46.63
20.333,46.63,-0.599,46.63
20.367,46.63,-0.599,46.63
20.400,46.63,-0.599,46.63
20.433,46.63,-0.600,46.63
20.467,46.63,-0.600,46.63
20.500,46.63,-0.600,46.63
20.533,46.63,-0.600,46.63
20.567,46.63,-0.600,46.63
20.600,46.63,-0.600,46.63
20.633,46.63,-0.600,46.63
20.667,46.63,-0.600,46.63
20.700,46.63,-0.600,46.63
20.733,46.63,-0.600,46.63
20.767,46.63,-0.600,46.63
20.800,46.63,-0.600,46.63
20.833,46.63,-0.600,46.63
20.867,46.63,-0.600,46.63
20.900,46.63,-0.600,46.63
20.933,46.63,-0.600,46.63
20.967,46.63,-0.600,46.63
21.000,46.63,-0.600,46.63
21.033,46.63,-0.600,46.63
21.067,46.63,-0.602,46.63
21.100,46.63,-0.604,46.64
21.133,46.63,-0.609,46.64
21.167,46.63,-0.607,46.64
21.200,46.63,-0.607,46.63
21.233,46.63,-0.607,46.63
21.267,46.63,-0.607,46.63
21.300,46.63,-0.607,46.63
21.333,46.63,-0.612,46.64
21.367,46.63,-0.611,46.64
21.400,46.63,-0.611,46.64
21.433,46.63,-0.610,46.64
21.467,46.63,-0.608,46.63
21.500,46.63,-0.608,46.63
21.533,46.63,-0.608,46.63
21.567,46.63,-0.608,46.63
21.600,46.63,-0.608,46.63
21.633,46.63,-0.608,46.63
21.667,46.63,-0.608,46.63
21.700,46.63,-0.608,46.63
21.733,46.63,-0.599,46.63
21.767,46.63,-0.590,46.63
21.800,46.63,-0.594,46.63
21.833,46.62,-0.576,46.63
21.867,46.63,-0.601,46.64
21.900,46.63,-0.601,46.64
21.933,46.63,-0.602,46.64
21.967,46.63,-0.595,46.63
22.000,46.63,-0.597,46.63
22.033,46.63,-0.597,46.63
22.067,46.63,-0.598,46.63
22.100,46.62,-0.594,46.62
22.133,46.62,-0.595,46.63
22.167,46.62,-0.596,46.63
22.200,46.63,-0.596,46.63
22.233,46.63,-0.597,46.63
22.267,46.62,-0.594,46.63
22.300,46.62,-0.595,46.63
22.333,46.62,-0.596,46.63
22.367,46.62,-0.597,46.63
22.400,46.62,-0.590,46.63
22.433,46.62,-0.584,46.63
22.467,46.63,-0.596,46.63
22.500,46.63,-0.603,46.63
22.533,46.62,-0.586,46.63
22.567,46.63,-0.590,46.63
22.600,46.63,-0.592,46.63
22.633,46.63,-0.608,46.63
22.667,46.63,-0.606,46.63
22.700,46.63,-0.604,46.63
22.733,46.63,-0.603,46.63
22.767,46.63,-0.602,46.63
22.800,46.63,-0.602,46.63
22.833,46.63,-0.602,46.63
22.867,46.63,-0.602,46.63
22.900,46.63,-0.602,46.63
22.933,46.63,-0.608,46.64
22.967,46.64,-0.614,46.64
23.000,46.64,-0.612,46.64
23.033,46.64,-0.628,46.64
23.067,46.63,-0.607,46.64
23.100,46.65,-0.625,46.65
23.133,46.65,-0.622,46.65
23.167,46.65,-0.621,46.65
23.200,46.64,-0.618,46.65
23.233,46.64,-0.616,46.64
23.267,46.64,-0.615,46.64
23.300,46.64,-0.614,46.64
23.333,46.63,-0.611,46.64
23.367,46.63,-0.610,46.63
23.400,46.63,-0.611,46.64
23.433,46.63,-0.611,46.64
23.467,46.63,-0.611,46.64
23.500,46.63,-0.611,46.64
23.533,46.63,-0.611,46.64
23.567,46.63,-0.610,46.64
23.600,46.63,-0.610,46.64
23.633,46.63,-0.610,46.64
23.667,46.63,-0.610,46.64
23.700,46.63,-0.610,46.64
23.733,46.63,-0.610,46.64
23.767,46.63,-0.610,46.64
23.800,46.63,-0.609,46.64
23.833,46.63,-0.609,46.64
23.867,46.63,-0.609,46.64
23.900,46.63,-0.609,46.64
23.933,46.63,-0.609,46.64
23.967,46.63,-0.609,46.64
24.000,46.63,-0.609,46.64
24.033,46.63,-0.610,46.64
24.067,46.63,-0.609,46.64
24.100,46.63,-0.610,46.64
24.133,46.63,-0.609,46.64
24.167,46.63,-0.609,46.64
24.200,46.63,-0.609,46.64
24.233,46.63,-0.609,46.64
24.267,46.63,-0.609,46.64
24.300,46.63,-0.609,46.64
24.333,46.63,-0.609,46.64
24.367,46.63,-0.609,46.64
24.400,46.63,-0.609,46.64
24.433,46.63,-0.606,46.63
24.467,46.63,-0.607,46.63
24.500,46.63,-0.607,46.63
24.533,46.63,-0.596,46.63
24.567,46.63,-0.595,46.63
24.600,46.63,-0.597,46.63
24.633,46.63,-0.590,46.63
24.667,46.63,-0.585,46.63
24.700,46.63,-0.589,46.63
24.733,46.63,-0.589,46.63
24.767,46.63,-0.586,46.63
24.800,46.63,-0.590,46.64
24.833,46.63,-0.593,46.64
24.867,46.64,-0.595,46.64
24.900,46.64,-0.596,46.64
24.933,46.63,-0.596,46.64
24.967,46.63,-0.597,46.64
25.000,46.62,-0.583,46.63
25.033,46.63,-0.587,46.63
25.067,46.63,-0.590,46.63
25.100,46.63,-0.593,46.63
25.133,46.63,-0.595,46.63
25.167,46.63,-0.596,46.63
25.200,46.63,-0.596,46.63
25.233,46.63,-0.596,46.63
25.267,46.63,-0.596,46.63
25.300,46.62,-0.594,46.63
25.333,46.62,-0.594,46.63
25.367,46.62,-0.595,46.63
25.400,46.63,-0.595,46.63
25.433,46.62,-0.595,46.62
25.467,46.62,-0.598,46.62
25.500,46.62,-0.598,46.62
25.533,46.62,-0.597,46.63
25.567,46.62,-0.598,46.63
25.600,46.62,-0.598,46.63
25.633,46.62,-0.598,46.63
25.667,46.62,-0.598,46.63
25.700,46.63,-0.605,46.63
25.733,46.63,-0.613,46.63
25.767,46.62,-0.603,46.63
25.800,46.62,-0.596,46.63
25.833,46.63,-0.615,46.63
25.867,46.63,-0.611,46.63
25.900,46.63,-0.609,46.63
25.933,46.63,-0.607,46.63
25.967,46.63,-0.601,46.63
26.000,46.63,-0.599,46.63
26.033,46.63,-0.596,46.63
26.067,46.63,-0.594,46.63
26.100,46.63,-0.595,46.63
26.133,46.63,-0.596,46.63
26.167,46.63,-0.596,46.63
26.200,46.63,-0.597,46.63
26.233,46.63,-0.599,46.63
26.267,46.63,-0.598,46.63
26.300,46.63,-0.599,46.63
26.333,46.63,-0.599,46.63
26.367,46.63,-0.599,46.63
26.400,46.63,-0.599,46.63
26.433,46.63,-0.599,46.63
26.467,46.63,-0.599,46.63
26.500,46.63,-0.586,46.64
26.533,46.63,-0.589,46.63
26.567,46.63,-0.591,46.63
26.600,46.63,-0.592,46.63
26.633,46.63,-0.593,46.63
26.667,46.63,-0.594,46.63
26.700,46.63,-0.594,46.63
26.733,46.63,-0.594,46.63
26.767,46.63,-0.596,46.63
26.800,46.63,-0.606,46.63
26.833,46.63,-0.611,46.63
26.867,46.63,-0.615,46.63
26.900,46.63,-0.616,46.64
26.933,46.63,-0.613,46.64
26.967,46.63,-0.611,46.64
27.000,46.63,-0.610,46.64
27.033,46.63,-0.611,46.64
27.067,46.63,-0.611,46.64
27.100,46.63,-0.611,46.64
27.133,46.63,-0.610,46.64
27.167,46.63,-0.610,46.64
27.200,46.63,-0.611,46.64
27.233,46.63,-0.611,46.64
27.267,46.63,-0.610,46.64
27.300,46.63,-0.616,46.64
27.333,46.64,-0.616,46.64
27.367,46.64,-0.621,46.64
27.400,46.64,-0.619,46.64
27.433,46.63,-0.620,46.64
27.467,46.63,-0.620,46.64
27.500,46.63,-0.620,46.64
27.533,46.63,-0.619,46.64
27.567,46.63,-0.617,46.64
27.600,46.63,-0.617,46.63
27.633,46.63,-0.616,46.64
27.667,46.63,-0.616,46.63
27.700,46.63,-0.607,46.63
27.733,46.63,-0.602,46.63
27.767,46.63,-0.603,46.63
27.800,46.63,-0.604,46.63
27.833,46.63,-0.603,46.63
27.867,46.63,-0.602,46.63
27.900,46.63,-0.602,46.63
27.933,46.63,-0.603,46.63
27.967,46.63,-0.595,46.64
28.000,46.63,-0.591,46.64
28.033,46.63,-0.581,46.64
28.067,46.63,-0.584,46.64
28.100,46.63,-0.588,46.63
28.133,46.63,-0.597,46.64
28.167,46.64,-0.600,46.64
28.200,46.65,-0.603,46.65
28.233,46.64,-0.603,46.64
28.267,46.63,-0.603,46.63
28.300,46.63,-0.603,46.64
28.333,46.63,-0.603,46.64
28.367,46.63,-0.609,46.64
28.400,46.63,-0.608,46.64
28.433,46.63,-0.607,46.64
28.467,46.63,-0.607,46.64
28.500,46.64,-0.609,46.64
28.533,46.65,-0.611,46.65
28.567,46.66,-0.611,46.66
28.600,46.66,-0.615,46.66
28.633,46.64,-0.610,46.65
28.667,46.64,-0.610,46.65
28.700,46.64,-0.610,46.64
28.733,46.64,-0.610,46.64
28.767,46.64,-0.611,46.65
28.800,46.65,-0.613,46.65
28.833,46.65,-0.621,46.65
28.867,46.65,-0.618,46.65
28.900,46.64,-0.615,46.65
28.933,46.65,-0.614,46.65
28.967,46.65,-0.609,46.66
29.000,46.65,-0.603,46.66
29.033,46.66,-0.601,46.66
29.067,46.66,-0.607,46.66
29.100,46.66,-0.610,46.66
29.133,46.66,-0.614,46.66
29.167,46.67,-0.610,46.67
29.200,46.67,-0.604,46.68
29.233,46.69,-0.599,46.69
29.267,46.68,-0.601,46.68
29.300,46.68,-0.592,46.68
29.333,46.67,-0.586,46.67
29.367,46.67,-0.584,46.67
29.400,46.66,-0.590,46.67
29.433,46.68,-0.589,46.68
29.467,46.68,-0.595,46.68
29.500,46.70,-0.605,46.70
29.533,46.69,-0.594,46.69
29.567,46.69,-0.598,46.70
29.600,46.70,-0.543,46.71
29.633,46.76,-0.554,46.77
29.667,46.79,-0.586,46.79
29.700,46.83,-0.600,46.83
29.733,46.86,-0.562,46.86
29.767,46.93,-0.584,46.94
29.800,46.94,-0.588,46.94
29.833,46.97,-0.595,46.97
29.867,47.00,-0.601,47.00
29.900,47.02,-0.568,47.03
29.933,47.08,-0.581,47.08
29.967,47.13,-0.584,47.13
30.000,47.16,-0.585,47.16
