0.000,52.80,21.61,57.05
0.033,52.72,21.68,57.01
0.067,52.83,21.73,57.13
0.100,52.86,21.74,57.15
0.133,52.77,21.82,57.10
0.167,52.85,21.83,57.18
0.200,52.78,21.91,57.15
0.233,52.80,21.93,57.17
0.267,52.81,21.94,57.19
0.300,52.79,22.02,57.20
0.333,52.82,22.05,57.24
0.367,52.79,22.13,57.24
0.400,52.83,22.11,57.27
0.433,52.82,22.16,57.29
0.467,52.79,22.14,57.25
0.500,52.80,22.15,57.26
0.533,52.82,22.16,57.29
0.567,52.83,22.16,57.29
0.600,52.82,22.20,57.30
0.633,52.84,22.16,57.30
0.667,52.83,22.15,57.29
0.700,52.82,22.23,57.31
0.733,52.83,22.14,57.28
0.767,52.82,22.18,57.29
0.800,52.86,22.16,57.32
0.833,52.86,22.19,57.33
0.867,52.85,22.22,57.33
0.900,52.88,22.18,57.34
0.933,52.86,22.24,57.35
0.967,52.90,22.25,57.39
1.000,52.94,22.26,57.43
1.033,53.01,22.33,57.52
1.067,53.05,22.38,57.57
1.100,53.09,22.48,57.65
1.133,53.17,22.47,57.72
1.167,53.17,22.52,57.74
1.200,53.17,22.55,57.75
1.233,53.22,22.54,57.80
1.267,53.29,22.64,57.90
1.300,53.36,22.69,57.98
1.333,53.39,22.70,58.02
1.367,53.39,22.73,58.02
1.400,53.43,22.71,58.06
1.433,53.41,22.77,58.06
1.467,53.58,22.79,58.22
1.500,53.59,22.82,58.25
1.533,53.60,22.84,58.26
1.567,53.62,22.85,58.29
1.600,53.63,22.86,58.30
1.633,53.71,22.87,58.37
1.667,53.78,22.83,58.42
1.700,53.81,22.88,58.47
1.733,53.94,22.84,58.58
1.767,53.91,22.88,58.57
1.800,54.01,22.92,58.67
1.833,54.16,22.97,58.83
1.867,54.20,23.00,58.87
1.900,54.21,23.01,58.89
1.933,54.21,23.05,58.91
1.967,54.26,23.02,58.94
2.000,54.30,23.04,58.99
2.033,54.36,23.02,59.03
2.067,54.41,23.01,59.08
2.100,54.44,23.04,59.11
2.133,54.53,23.01,59.19
2.167,54.53,23.01,59.19
2.200,54.59,23.08,59.26
2.233,54.63,23.06,59.30
2.267,54.68,23.06,59.34
2.300,54.82,23.09,59.49
2.333,54.85,23.12,59.52
2.367,54.93,23.14,59.60
2.400,54.98,23.15,59.65
2.433,55.01,23.16,59.69
2.467,55.04,23.19,59.73
2.500,55.10,23.19,59.78
2.533,55.15,23.17,59.82
2.567,55.18,23.16,59.85
2.600,55.22,23.18,59.89
2.633,55.27,23.17,59.93
2.667,55.29,23.17,59.95
2.700,55.31,23.17,59.97
2.733,55.33,23.18,59.99
2.767,55.32,23.18,59.98
2.800,55.31,23.20,59.98
2.833,55.32,23.20,59.99
2.867,55.30,23.22,59.98
2.900,55.40,23.26,60.08
2.933,55.44,23.28,60.13
2.967,55.42,23.34,60.13
3.000,55.41,23.34,60.13
3.033,55.41,23.35,60.13
3.067,55.41,23.36,60.13
3.100,55.44,23.36,60.16
3.133,55.56,23.42,60.29
3.167,55.57,23.44,60.31
3.200,55.58,23.46,60.33
3.233,55.59,23.48,60.34
3.267,55.59,23.49,60.35
3.300,55.59,23.50,60.36
3.333,55.63,23.49,60.38
3.367,55.63,23.48,60.38
3.400,55.66,23.52,60.43
3.433,55.69,23.51,60.45
3.467,55.70,23.53,60.46
3.500,55.83,23.61,60.62
3.533,55.85,23.63,60.64
3.567,55.85,23.65,60.65
3.600,55.86,23.66,60.66
3.633,55.87,23.67,60.68
3.667,55.88,23.68,60.69
3.700,56.00,23.75,60.83
3.733,56.01,23.79,60.86
3.767,56.04,23.82,60.89
3.800,56.16,23.92,61.04
3.833,56.18,23.95,61.07
3.867,56.20,23.97,61.10
3.900,56.33,24.07,61.25
3.933,56.31,24.11,61.26
3.967,56.30,24.15,61.26
4.000,56.34,24.13,61.29
4.033,56.35,24.12,61.30
4.067,56.38,24.08,61.31
4.100,56.38,24.11,61.32
4.133,56.38,24.12,61.32
4.167,56.51,24.19,61.47
4.200,56.51,24.21,61.48
4.233,56.52,24.22,61.49
4.267,56.53,24.26,61.51
4.300,56.52,24.27,61.51
4.333,56.63,24.38,61.65
4.367,56.64,24.40,61.67
4.400,56.66,24.42,61.70
4.433,56.66,24.42,61.70
4.467,56.67,24.42,61.71
4.500,56.67,24.44,61.72
4.533,56.78,24.54,61.85
4.567,56.80,24.56,61.88
4.600,56.81,24.59,61.91
4.633,56.81,24.59,61.91
4.667,56.92,24.70,62.04
4.700,56.94,24.71,62.07
4.733,56.93,24.73,62.07
4.767,56.93,24.75,62.08
4.800,56.94,24.74,62.08
4.833,56.95,24.73,62.09
4.867,56.97,24.72,62.10
4.900,56.98,24.71,62.11
4.933,56.98,24.72,62.11
4.967,56.98,24.72,62.11
5.000,56.97,24.72,62.11
5.033,56.97,24.72,62.10
5.067,56.98,24.71,62.10
5.100,56.98,24.71,62.11
5.133,56.97,24.71,62.10
5.167,56.97,24.71,62.10
5.200,56.97,24.72,62.11
5.233,56.97,24.72,62.11
5.267,56.97,24.72,62.10
5.300,56.97,24.72,62.10
5.333,56.98,24.71,62.11
5.367,56.99,24.70,62.11
5.400,57.00,24.69,62.12
5.433,57.01,24.68,62.12
5.467,57.02,24.67,62.12
5.500,57.00,24.68,62.12
5.533,57.01,24.67,62.12
5.567,57.00,24.68,62.11
5.600,57.01,24.69,62.12
5.633,57.00,24.69,62.11
5.667,56.99,24.70,62.11
5.700,56.99,24.70,62.11
5.733,56.99,24.71,62.11
5.767,56.99,24.71,62.11
5.800,56.98,24.72,62.11
5.833,56.98,24.72,62.11
5.867,56.99,24.71,62.12
5.900,57.01,24.71,62.13
5.933,57.01,24.70,62.13
5.967,57.00,24.70,62.12
6.000,57.00,24.70,62.12
6.033,56.99,24.70,62.12
6.067,56.99,24.70,62.11
6.100,56.99,24.71,62.11
6.133,56.98,24.72,62.11
6.167,56.98,24.71,62.11
6.200,56.98,24.71,62.11
6.233,56.98,24.72,62.11
6.267,57.00,24.70,62.12
6.300,57.00,24.70,62.12
6.333,57.00,24.70,62.12
6.367,56.99,24.70,62.11
6.400,56.98,24.71,62.11
6.433,56.97,24.72,62.10
6.467,56.97,24.73,62.10
6.500,56.96,24.73,62.10
6.533,56.95,24.74,62.09
6.567,56.94,24.74,62.09
6.600,56.96,24.73,62.09
6.633,56.97,24.73,62.10
6.667,56.97,24.72,62.10
6.700,56.97,24.72,62.10
6.733,56.97,24.72,62.10
6.767,56.97,24.72,62.10
6.800,56.97,24.71,62.10
6.833,56.98,24.71,62.11
6.867,56.99,24.71,62.11
6.900,56.98,24.71,62.11
6.933,56.99,24.71,62.11
6.967,56.99,24.71,62.11
7.000,56.99,24.71,62.11
7.033,56.99,24.71,62.11
7.067,56.98,24.71,62.11
7.100,56.97,24.71,62.10
7.133,56.97,24.71,62.10
7.167,56.97,24.71,62.10
7.200,56.97,24.72,62.10
7.233,56.97,24.72,62.10
7.267,56.96,24.72,62.10
7.300,56.96,24.72,62.10
7.333,56.97,24.72,62.10
7.367,56.97,24.72,62.10
7.400,56.97,24.72,62.10
7.433,56.97,24.72,62.10
7.467,56.98,24.72,62.11
7.500,56.98,24.72,62.11
7.533,56.98,24.72,62.11
7.567,56.98,24.71,62.11
7.600,56.98,24.71,62.11
7.633,56.99,24.71,62.11
7.667,56.98,24.71,62.11
7.700,56.98,24.71,62.11
7.733,56.98,24.72,62.12
7.767,56.98,24.73,62.12
7.800,56.98,24.72,62.12
7.833,56.98,24.72,62.12
7.867,56.98,24.72,62.12
7.900,56.98,24.72,62.11
7.933,56.98,24.72,62.11
7.967,56.98,24.72,62.11
8.000,56.97,24.73,62.10
8.033,56.95,24.74,62.10
8.067,56.96,24.74,62.10
8.100,56.97,24.73,62.10
8.133,56.98,24.73,62.11
8.167,56.98,24.72,62.11
8.200,56.99,24.72,62.12
8.233,56.98,24.72,62.11
8.267,56.97,24.73,62.11
8.300,56.96,24.74,62.10
8.333,56.96,24.75,62.11
8.367,56.97,24.74,62.11
8.400,56.94,24.76,62.09
8.433,56.95,24.75,62.10
8.467,56.96,24.74,62.10
8.500,56.96,24.74,62.10
8.533,56.95,24.74,62.10
8.567,56.95,24.75,62.10
8.600,56.95,24.75,62.10
8.633,56.95,24.75,62.10
8.667,56.95,24.75,62.10
8.700,56.95,24.75,62.10
8.733,56.95,24.75,62.10
8.767,56.95,24.75,62.10
8.800,56.95,24.75,62.09
8.833,56.95,24.74,62.10
8.867,56.94,24.76,62.09
8.900,56.94,24.75,62.09
8.933,56.95,24.74,62.09
8.967,56.94,24.75,62.08
9.000,56.95,24.74,62.09
9.033,56.97,24.73,62.10
9.067,56.97,24.72,62.10
9.100,56.98,24.72,62.11
9.133,56.98,24.72,62.11
9.167,56.98,24.72,62.11
9.200,56.98,24.72,62.11
9.233,56.97,24.73,62.11
9.267,56.97,24.74,62.11
9.300,56.96,24.74,62.10
9.333,56.97,24.74,62.10
9.367,56.96,24.74,62.10
9.400,56.96,24.74,62.10
9.433,56.97,24.73,62.11
9.467,56.97,24.73,62.11
9.500,56.98,24.73,62.11
9.533,56.98,24.73,62.11
9.567,56.97,24.73,62.11
9.600,56.97,24.73,62.11
9.633,56.97,24.74,62.11
9.667,56.97,24.74,62.11
9.700,56.97,24.74,62.11
9.733,56.96,24.75,62.11
9.767,56.96,24.75,62.11
9.800,56.96,24.75,62.11
9.833,56.96,24.75,62.10
9.867,56.96,24.75,62.10
9.900,56.96,24.74,62.10
9.933,56.96,24.74,62.10
9.967,56.96,24.74,62.10
10.000,56.96,24.74,62.10
10.033,56.96,24.74,62.10
10.067,56.96,24.74,62.10
10.100,56.96,24.74,62.10
10.133,56.97,24.73,62.10
10.167,56.97,24.73,62.10
10.200,56.97,24.73,62.10
10.233,56.96,24.73,62.10
10.267,56.97,24.73,62.10
10.300,56.96,24.73,62.10
10.333,56.96,24.73,62.10
10.367,56.97,24.73,62.10
10.400,56.97,24.73,62.10
10.433,56.96,24.74,62.10
10.467,56.97,24.74,62.10
10.500,56.96,24.75,62.11
10.533,56.96,24.74,62.11
10.567,56.95,24.76,62.10
10.600,56.96,24.75,62.10
10.633,56.95,24.75,62.10
10.667,56.95,24.76,62.10
10.700,56.93,24.77,62.09
10.733,56.94,24.76,62.09
10.767,56.94,24.76,62.09
10.800,56.93,24.77,62.08
10.833,56.94,24.75,62.09
10.867,56.95,24.75,62.09
10.900,56.95,24.75,62.10
10.933,56.96,24.74,62.10
10.967,56.96,24.74,62.10
11.000,56.96,24.74,62.10
11.033,56.96,24.73,62.10
11.067,56.96,24.73,62.10
11.100,56.96,24.73,62.10
11.133,56.96,24.73,62.10
11.167,56.94,24.75,62.09
11.200,56.95,24.74,62.09
11.233,56.95,24.74,62.09
11.267,56.96,24.74,62.10
11.300,56.96,24.73,62.09
11.333,56.96,24.73,62.09
11.367,56.96,24.73,62.10
11.400,56.96,24.73,62.10
11.433,56.95,24.74,62.09
11.467,56.94,24.74,62.08
11.500,56.94,24.74,62.08
11.533,56.95,24.73,62.09
11.567,56.95,24.73,62.09
11.600,56.95,24.73,62.09
11.633,56.95,24.73,62.09
11.667,56.96,24.73,62.09
11.700,56.96,24.73,62.09
11.733,56.96,24.73,62.09
11.767,56.96,24.73,62.09
11.800,56.96,24.73,62.09
11.833,56.95,24.73,62.09
11.867,56.95,24.74,62.09
11.900,56.95,24.75,62.09
11.933,56.94,24.75,62.09
11.967,56.95,24.75,62.09
12.000,56.95,24.75,62.09
12.033,56.95,24.75,62.09
12.067,56.95,24.75,62.09
12.100,56.95,24.74,62.09
12.133,56.95,24.74,62.09
12.167,56.95,24.74,62.09
12.200,56.95,24.74,62.09
12.233,56.95,24.74,62.09
12.267,56.96,24.73,62.10
12.300,56.96,24.73,62.10
12.333,56.96,24.73,62.10
12.367,56.96,24.73,62.10
12.400,56.96,24.73,62.10
12.433,56.96,24.73,62.10
12.467,56.96,24.73,62.10
12.500,56.96,24.73,62.10
12.533,56.96,24.73,62.10
12.567,56.96,24.73,62.10
12.600,56.96,24.73,62.10
12.633,56.97,24.72,62.10
12.667,56.97,24.72,62.10
12.700,56.98,24.70,62.10
12.733,56.98,24.71,62.10
12.767,56.98,24.71,62.11
12.800,56.98,24.71,62.11
12.833,56.99,24.70,62.11
12.867,56.98,24.71,62.11
12.900,56.98,24.71,62.11
12.933,56.98,24.71,62.11
12.967,56.97,24.71,62.10
13.000,56.97,24.72,62.10
13.033,56.97,24.72,62.10
13.067,56.97,24.72,62.10
13.100,56.96,24.73,62.10
13.133,56.96,24.73,62.10
13.167,56.95,24.74,62.09
13.200,56.95,24.74,62.09
13.233,56.94,24.75,62.09
13.267,56.94,24.76,62.09
13.300,56.94,24.75,62.09
13.333,56.94,24.75,62.09
13.367,56.95,24.74,62.09
13.400,56.95,24.74,62.09
13.433,56.96,24.73,62.09
13.467,56.96,24.73,62.10
13.500,56.96,24.73,62.10
13.533,56.96,24.73,62.10
13.567,56.96,24.73,62.10
13.600,56.96,24.73,62.10
13.633,56.96,24.73,62.10
13.667,56.96,24.73,62.10
13.700,56.96,24.73,62.10
13.733,56.96,24.73,62.10
13.767,56.98,24.72,62.11
13.800,56.99,24.71,62.11
13.833,56.98,24.71,62.11
13.867,56.98,24.71,62.11
13.900,56.98,24.71,62.11
13.933,56.97,24.72,62.10
13.967,56.97,24.72,62.10
14.000,56.97,24.72,62.10
14.033,56.97,24.72,62.10
14.067,56.97,24.72,62.10
14.100,56.97,24.72,62.10
14.133,56.97,24.72,62.10
14.167,56.97,24.72,62.10
14.200,56.96,24.72,62.10
14.233,56.96,24.72,62.09
14.267,56.95,24.73,62.09
14.300,56.95,24.73,62.09
14.333,56.96,24.73,62.09
14.367,56.96,24.73,62.09
14.400,56.96,24.73,62.09
14.433,56.95,24.76,62.09
14.467,56.95,24.75,62.10
14.500,56.95,24.75,62.10
14.533,56.95,24.74,62.10
14.567,56.96,24.74,62.10
14.600,56.96,24.74,62.10
14.633,56.96,24.73,62.10
14.667,56.95,24.74,62.09
14.700,56.95,24.74,62.09
14.733,56.95,24.75,62.09
14.767,56.95,24.74,62.10
14.800,56.96,24.74,62.10
14.833,56.96,24.74,62.10
14.867,56.96,24.74,62.10
14.900,56.96,24.74,62.10
14.933,56.96,24.74,62.10
14.967,56.96,24.74,62.10
15.000,56.96,24.73,62.10
15.033,56.96,24.74,62.10
15.067,56.96,24.75,62.10
15.100,56.96,24.75,62.10
15.133,56.96,24.76,62.10
15.167,56.96,24.75,62.10
15.200,56.96,24.74,62.10
15.233,56.96,24.74,62.10
15.267,56.96,24.74,62.10
15.300,56.96,24.74,62.10
15.333,56.96,24.74,62.10
15.367,56.96,24.73,62.10
15.400,56.96,24.73,62.10
15.433,56.96,24.74,62.10
15.467,56.96,24.74,62.10
15.500,56.96,24.74,62.10
15.533,56.96,24.74,62.10
15.567,56.96,24.73,62.10
15.600,56.96,24.73,62.10
15.633,56.96,24.73,62.10
15.667,56.96,24.73,62.10
15.700,56.96,24.73,62.10
15.733,56.96,24.73,62.10
15.767,56.96,24.73,62.10
15.800,56.96,24.73,62.10
15.833,56.96,24.73,62.10
15.867,56.96,24.73,62.10
15.900,56.96,24.74,62.10
15.933,56.96,24.75,62.10
15.967,56.96,24.74,62.10
16.000,56.96,24.74,62.10
16.033,56.96,24.74,62.10
16.067,56.96,24.74,62.10
16.100,56.96,24.74,62.10
16.133,56.96,24.74,62.10
16.167,56.96,24.75,62.10
16.200,56.95,24.76,62.10
16.233,56.95,24.77,62.10
16.267,56.94,24.78,62.10
16.300,56.97,24.80,62.13
16.333,56.97,24.83,62.14
16.367,56.95,24.86,62.14
16.400,56.94,24.88,62.14
16.433,56.94,24.92,62.15
16.467,56.95,24.91,62.15
16.500,56.94,24.92,62.15
16.533,56.93,24.93,62.15
16.567,56.94,24.92,62.15
16.600,56.95,24.91,62.16
16.633,56.95,24.91,62.16
16.667,56.95,24.92,62.17
16.700,56.95,24.91,62.16
16.733,56.96,24.90,62.16
16.767,56.96,24.90,62.16
16.800,56.96,24.90,62.16
16.833,56.96,24.90,62.16
16.867,56.96,24.89,62.16
16.900,56.96,24.89,62.17
16.933,56.97,24.89,62.17
16.967,56.97,24.90,62.17
17.000,56.97,24.91,62.18
17.033,56.97,24.91,62.18
17.067,56.97,24.92,62.18
17.100,56.97,24.92,62.18
17.133,56.99,24.94,62.21
17.167,56.98,24.98,62.22
17.200,56.98,25.01,62.22
17.233,56.97,25.03,62.23
17.267,56.97,25.04,62.23
17.300,56.97,25.04,62.23
17.333,56.97,25.04,62.23
17.367,56.97,25.04,62.23
17.400,56.98,25.03,62.24
17.433,56.98,25.04,62.23
17.467,56.98,25.04,62.24
17.500,56.99,25.04,62.25
17.533,56.99,25.04,62.25
17.567,57.00,25.04,62.25
17.600,57.00,25.04,62.26
17.633,56.99,25.04,62.25
17.667,56.99,25.04,62.25
17.700,56.98,25.04,62.24
17.733,56.97,25.04,62.24
17.767,56.97,25.05,62.23
17.800,57.00,25.02,62.25
17.833,57.03,25.00,62.27
17.867,57.02,25.01,62.26
17.900,57.01,25.01,62.25
17.933,57.00,25.01,62.25
17.967,56.99,25.02,62.24
18.000,57.00,25.01,62.24
18.033,57.00,25.01,62.24
18.067,57.00,25.01,62.24
18.100,57.00,25.00,62.24
18.133,56.99,25.01,62.24
18.167,56.99,25.02,62.24
18.200,56.98,25.03,62.24
18.233,56.97,25.05,62.24
18.267,56.98,25.03,62.24
18.300,56.98,25.02,62.23
18.333,56.98,25.02,62.23
18.367,56.98,25.01,62.23
18.400,56.98,25.01,62.23
18.433,57.00,25.00,62.24
18.467,57.01,24.99,62.25
18.500,57.01,24.99,62.25
18.533,57.00,25.00,62.24
18.567,57.02,24.99,62.26
18.600,57.01,25.00,62.25
18.633,57.00,25.01,62.25
18.667,57.00,25.01,62.25
18.700,57.00,25.01,62.25
18.733,57.00,25.01,62.25
18.767,57.00,25.01,62.25
18.800,56.99,25.02,62.24
18.833,56.99,25.03,62.25
18.867,56.99,25.03,62.24
18.900,56.98,25.03,62.24
18.933,56.98,25.04,62.24
18.967,56.97,25.04,62.23
19.000,56.97,25.04,62.23
19.033,56.97,25.03,62.23
19.067,56.97,25.03,62.23
19.100,56.97,25.03,62.23
19.133,56.97,25.03,62.22
19.167,56.97,25.03,62.22
19.200,56.97,25.03,62.23
19.233,56.97,25.03,62.23
19.267,56.98,25.03,62.23
19.300,56.97,25.03,62.23
19.333,56.98,25.03,62.24
19.367,56.98,25.03,62.24
19.400,56.99,25.03,62.24
19.433,56.98,25.03,62.24
19.467,56.99,25.03,62.24
19.500,56.98,25.03,62.24
19.533,56.99,25.03,62.24
19.567,56.98,25.02,62.23
19.600,56.96,25.04,62.22
19.633,56.95,25.04,62.21
19.667,56.95,25.04,62.21
19.700,56.95,25.03,62.21
19.733,56.95,25.04,62.21
19.767,56.95,25.04,62.21
19.800,56.96,25.04,62.22
19.833,56.96,25.03,62.22
19.867,56.96,25.04,62.22
19.900,56.96,25.05,62.23
19.933,56.96,25.04,62.22
19.967,56.95,25.03,62.21
20.000,56.95,25.03,62.21
20.033,56.98,25.02,62.23
20.067,56.97,25.02,62.22
20.100,56.99,25.01,62.24
20.133,56.99,25.02,62.24
20.167,56.99,25.02,62.24
20.200,56.98,25.02,62.24
20.233,56.98,25.02,62.23
20.267,56.98,25.02,62.23
20.300,56.98,25.01,62.23
20.333,56.98,25.01,62.23
20.367,56.98,25.01,62.23
20.400,56.97,25.01,62.22
20.433,56.99,25.02,62.24
20.467,56.98,25.02,62.23
20.500,57.00,25.02,62.25
20.533,56.98,25.02,62.23
20.567,56.99,25.03,62.25
20.600,56.99,25.04,62.24
20.633,56.98,25.04,62.24
20.667,56.98,25.04,62.25
20.700,56.98,25.06,62.25
20.733,56.97,25.08,62.24
20.767,56.97,25.07,62.25
20.800,56.99,25.06,62.26
20.833,57.00,25.06,62.26
20.867,57.03,25.04,62.28
20.900,57.02,25.04,62.27
20.933,57.03,25.05,62.28
20.967,57.02,25.05,62.28
21.000,57.02,25.05,62.28
21.033,57.01,25.05,62.27
21.067,57.01,25.07,62.28
21.100,57.16,25.15,62.45
21.133,57.16,25.17,62.45
21.167,57.15,25.18,62.45
21.200,57.15,25.18,62.45
21.233,57.15,25.18,62.45
21.267,57.15,25.19,62.45
21.300,57.15,25.19,62.45
21.333,57.15,25.19,62.45
21.367,57.14,25.19,62.45
21.400,57.14,25.19,62.45
21.433,57.14,25.19,62.44
21.467,57.14,25.19,62.45
21.500,57.13,25.20,62.44
21.533,57.14,25.20,62.45
21.567,57.13,25.20,62.44
21.600,57.16,25.20,62.47
21.633,57.18,25.20,62.48
21.667,57.17,25.20,62.48
21.700,57.16,25.20,62.47
21.733,57.17,25.21,62.48
21.767,57.17,25.21,62.48
21.800,57.17,25.22,62.48
21.833,57.17,25.21,62.48
21.867,57.17,25.21,62.48
21.900,57.16,25.21,62.48
21.933,57.16,25.21,62.47
21.967,57.16,25.21,62.47
22.000,57.16,25.21,62.47
22.033,57.15,25.21,62.46
22.067,57.15,25.21,62.46
22.100,57.15,25.21,62.46
22.133,57.14,25.21,62.46
22.167,57.14,25.21,62.46
22.200,57.14,25.21,62.46
22.233,57.14,25.21,62.45
22.267,57.14,25.21,62.45
22.300,57.14,25.22,62.46
22.333,57.14,25.22,62.46
22.367,57.13,25.22,62.46
22.400,57.15,25.22,62.46
22.433,57.14,25.22,62.46
22.467,57.14,25.23,62.46
22.500,57.14,25.23,62.46
22.533,57.14,25.22,62.46
22.567,57.14,25.22,62.46
22.600,57.14,25.22,62.46
22.633,57.14,25.21,62.46
22.667,57.14,25.22,62.46
22.700,57.14,25.22,62.46
22.733,57.14,25.22,62.46
22.767,57.14,25.22,62.46
22.800,57.14,25.22,62.46
22.833,57.14,25.22,62.46
22.867,57.14,25.22,62.46
22.900,57.14,25.22,62.46
22.933,57.14,25.22,62.46
22.967,57.14,25.22,62.46
23.000,57.14,25.22,62.46
23.033,57.14,25.22,62.46
23.067,57.14,25.22,62.46
23.100,57.15,25.21,62.46
23.133,57.15,25.21,62.46
23.167,57.15,25.21,62.46
23.200,57.15,25.21,62.46
23.233,57.15,25.21,62.46
23.267,57.15,25.21,62.46
23.300,57.14,25.22,62.46
23.333,57.16,25.21,62.47
23.367,57.16,25.21,62.47
23.400,57.16,25.21,62.47
23.433,57.15,25.21,62.47
23.467,57.15,25.21,62.47
23.500,57.15,25.21,62.47
23.533,57.15,25.21,62.47
23.567,57.15,25.21,62.47
23.600,57.15,25.21,62.47
23.633,57.15,25.21,62.47
23.667,57.15,25.21,62.47
23.700,57.15,25.21,62.47
23.733,57.15,25.21,62.47
23.767,57.15,25.21,62.47
23.800,57.15,25.21,62.47
23.833,57.15,25.21,62.47
23.867,57.15,25.21,62.47
23.900,57.15,25.21,62.46
23.933,57.15,25.21,62.47
23.967,57.15,25.21,62.47
24.000,57.15,25.22,62.46
24.033,57.15,25.22,62.47
24.067,57.15,25.22,62.47
24.100,57.16,25.21,62.47
24.133,57.14,25.22,62.46
24.167,57.14,25.22,62.46
24.200,57.14,25.22,62.46
24.233,57.15,25.22,62.46
24.267,57.13,25.22,62.45
24.300,57.15,25.22,62.46
24.333,57.14,25.22,62.46
24.367,57.14,25.22,62.46
24.400,57.14,25.22,62.46
24.433,57.14,25.22,62.46
24.467,57.14,25.22,62.46
24.500,57.14,25.22,62.46
24.533,57.14,25.22,62.46
24.567,57.14,25.22,62.46
24.600,57.14,25.22,62.46
24.633,57.14,25.23,62.46
24.667,57.14,25.22,62.46
24.700,57.14,25.22,62.46
24.733,57.15,25.22,62.46
24.767,57.15,25.22,62.46
24.800,57.15,25.22,62.46
24.833,57.15,25.22,62.46
24.867,57.15,25.22,62.46
24.900,57.15,25.22,62.46
24.933,57.15,25.22,62.46
24.967,57.15,25.22,62.46
25.000,57.14,25.22,62.46
25.033,57.14,25.22,62.46
25.067,57.14,25.22,62.46
25.100,57.14,25.22,62.46
25.133,57.15,25.22,62.46
25.167,57.13,25.23,62.46
25.200,57.13,25.24,62.45
25.233,57.13,25.24,62.45
25.267,57.13,25.23,62.45
25.300,57.12,25.24,62.45
25.333,57.12,25.24,62.45
25.367,57.11,25.24,62.44
25.400,57.11,25.24,62.44
25.433,57.11,25.24,62.44
25.467,57.11,25.24,62.44
25.500,57.12,25.24,62.44
25.533,57.12,25.24,62.45
25.567,57.12,25.24,62.45
25.600,57.12,25.24,62.45
25.633,57.11,25.25,62.45
25.667,57.12,25.25,62.45
25.700,57.11,25.25,62.45
25.733,57.12,25.24,62.45
25.767,57.12,25.24,62.45
25.800,57.12,25.24,62.45
25.833,57.11,25.25,62.44
25.867,57.10,25.26,62.44
25.900,57.11,25.25,62.44
25.933,57.11,25.25,62.44
25.967,57.12,25.24,62.45
26.000,57.12,25.24,62.45
26.033,57.13,25.24,62.45
26.067,57.13,25.24,62.45
26.100,57.13,25.24,62.45
26.133,57.13,25.24,62.45
26.167,57.12,25.24,62.45
26.200,57.12,25.24,62.45
26.233,57.12,25.25,62.45
26.267,57.12,25.25,62.45
26.300,57.12,25.25,62.45
26.333,57.12,25.24,62.45
26.367,57.12,25.25,62.45
26.400,57.11,25.26,62.45
26.433,57.11,25.26,62.45
26.467,57.12,25.25,62.45
26.500,57.12,25.25,62.45
26.533,57.12,25.26,62.45
26.567,57.11,25.27,62.45
26.600,57.12,25.26,62.45
26.633,57.12,25.26,62.45
26.667,57.11,25.26,62.45
26.700,57.12,25.25,62.45
26.733,57.12,25.25,62.45
26.767,57.12,25.25,62.45
26.800,57.12,25.25,62.45
26.833,57.13,25.25,62.46
26.867,57.13,25.24,62.46
26.900,57.13,25.25,62.46
26.933,57.13,25.25,62.46
26.967,57.13,25.24,62.46
27.000,57.13,25.24,62.46
27.033,57.12,25.27,62.46
27.067,57.12,25.26,62.46
27.100,57.12,25.26,62.46
27.133,57.12,25.26,62.46
27.167,57.12,25.26,62.46
27.200,57.11,25.27,62.45
27.233,57.11,25.27,62.45
27.267,57.12,25.26,62.46
27.300,57.12,25.26,62.46
27.333,57.12,25.26,62.46
27.367,57.12,25.26,62.46
27.400,57.12,25.27,62.46
27.433,57.11,25.27,62.45
27.467,57.12,25.27,62.46
27.500,57.12,25.26,62.46
27.533,57.12,25.26,62.46
27.567,57.12,25.26,62.46
27.600,57.12,25.27,62.46
27.633,57.12,25.27,62.46
27.667,57.12,25.27,62.46
27.700,57.12,25.26,62.46
27.733,57.13,25.26,62.46
27.767,57.13,25.26,62.46
27.800,57.13,25.26,62.46
27.833,57.13,25.26,62.46
27.867,57.13,25.26,62.46
27.900,57.12,25.26,62.46
27.933,57.12,25.26,62.46
27.967,57.13,25.26,62.46
28.000,57.13,25.26,62.46
28.033,57.13,25.26,62.46
28.067,57.13,25.26,62.46
28.100,57.13,25.25,62.46
28.133,57.13,25.25,62.46
28.167,57.13,25.25,62.46
28.200,57.13,25.25,62.46
28.233,57.13,25.25,62.46
28.267,57.13,25.25,62.46
28.300,57.13,25.26,62.46
28.333,57.13,25.25,62.46
28.367,57.13,25.26,62.46
28.400,57.13,25.26,62.46
28.433,57.13,25.25,62.46
28.467,57.13,25.25,62.46
28.500,57.13,25.25,62.46
28.533,57.13,25.25,62.46
28.567,57.13,25.25,62.46
28.600,57.13,25.25,62.46
28.633,57.13,25.25,62.46
28.667,57.13,25.25,62.46
28.700,57.13,25.25,62.47
28.733,57.13,25.25,62.47
28.767,57.14,25.25,62.47
28.800,57.14,25.25,62.47
28.833,57.14,25.24,62.47
28.867,57.14,25.24,62.47
28.900,57.14,25.24,62.47
28.933,57.14,25.24,62.47
28.967,57.13,25.24,62.46
29.000,57.13,25.25,62.46
29.033,57.13,25.25,62.46
29.067,57.13,25.25,62.46
29.100,57.13,25.25,62.46
29.133,57.13,25.25,62.46
29.167,57.13,25.25,62.46
29.200,57.14,25.25,62.47
29.233,57.14,25.25,62.47
29.267,57.14,25.24,62.47
29.300,57.14,25.24,62.47
29.333,57.14,25.24,62.47
29.367,57.14,25.24,62.47
29.400,57.14,25.24,62.47
29.433,57.14,25.24,62.47
29.467,57.14,25.25,62.47
29.500,57.14,25.25,62.47
29.533,57.13,25.25,62.47
29.567,57.14,25.25,62.47
29.600,57.14,25.25,62.47
29.633,57.14,25.24,62.47
29.667,57.14,25.24,62.47
29.700,57.14,25.24,62.47
29.733,57.14,25.24,62.46
29.767,57.14,25.24,62.46
29.800,57.13,25.24,62.46
29.833,57.14,25.25,62.46
29.867,57.14,25.24,62.47
29.900,57.14,25.24,62.46
29.933,57.14,25.24,62.46
29.967,57.14,25.24,62.47
30.000,57.14,25.24,62.47
