0.000,-3.242,12.20,12.62
0.033,-3.256,12.21,12.64
0.067,-3.270,12.22,12.65
0.100,-3.191,12.23,12.64
0.133,-3.202,12.26,12.67
0.167,-3.235,12.21,12.63
0.200,-3.247,12.25,12.67
0.233,-3.247,12.22,12.64
0.267,-3.248,12.20,12.62
0.300,-3.245,12.21,12.63
0.333,-3.244,12.22,12.64
0.367,-3.238,12.21,12.63
0.400,-3.233,12.20,12.62
0.433,-3.254,12.20,12.63
0.467,-3.251,12.20,12.63
0.500,-3.250,12.18,12.61
0.533,-3.250,12.21,12.63
0.567,-3.251,12.18,12.61
0.600,-3.251,12.20,12.62
0.633,-3.250,12.18,12.61
0.667,-3.249,12.17,12.60
0.700,-3.285,12.17,12.61
0.733,-3.218,12.12,12.54
0.767,-3.261,12.13,12.56
0.800,-3.177,12.09,12.50
0.833,-3.167,12.01,12.42
0.867,-3.182,12.02,12.44
0.900,-3.108,11.90,12.30
0.933,-3.073,11.89,12.28
0.967,-3.043,11.83,12.22
1.000,-2.939,11.76,12.12
1.033,-2.936,11.76,12.12
1.067,-2.802,11.63,11.96
1.100,-2.743,11.60,11.92
1.133,-2.672,11.53,11.84
1.167,-2.598,11.56,11.85
1.200,-2.544,11.54,11.81
1.233,-2.386,11.45,11.69
1.267,-2.343,11.52,11.75
1.300,-2.148,11.47,11.67
1.333,-2.079,11.40,11.59
1.367,-1.980,11.44,11.61
1.400,-1.902,11.40,11.55
1.433,-1.831,11.44,11.58
1.467,-1.790,11.45,11.58
1.500,-1.808,11.44,11.58
1.533,-1.819,11.44,11.58
1.567,-1.743,11.40,11.53
1.600,-1.705,11.40,11.53
1.633,-1.613,11.35,11.46
1.667,-1.437,11.31,11.40
1.700,-1.326,11.31,11.39
1.733,-1.221,11.20,11.26
1.767,-1.034,11.16,11.20
1.800,-0.896,11.02,11.06
1.833,-0.804,10.89,10.92
1.867,-0.738,10.82,10.85
1.900,-0.724,10.78,10.81
1.933,-0.601,10.67,10.68
1.967,-0.424,10.52,10.53
2.000,-0.343,10.43,10.44
2.033,-0.146,10.32,10.32
2.067,1.148E-2,10.17,10.17
2.100,0.164,10.03,10.03
2.133,0.331,9.892,9.897
2.167,0.482,9.731,9.743
2.200,0.570,9.550,9.567
2.233,0.725,9.373,9.401
2.267,0.854,9.224,9.264
2.300,0.976,9.000,9.053
2.333,0.985,8.807,8.862
2.367,1.069,8.615,8.681
2.400,1.112,8.543,8.615
2.433,1.175,8.294,8.377
2.467,1.235,8.222,8.314
2.500,1.251,8.152,8.248
2.533,1.283,8.011,8.113
2.567,1.251,7.918,8.016
2.600,1.266,7.838,7.940
2.633,1.330,7.764,7.877
2.667,1.410,7.756,7.883
2.700,1.451,7.776,7.911
2.733,1.478,7.730,7.870
2.767,1.535,7.769,7.919
2.800,1.557,7.823,7.977
2.833,1.716,7.828,8.014
2.867,1.882,7.808,8.032
2.900,2.039,7.793,8.055
2.933,2.218,7.699,8.012
2.967,2.315,7.659,8.001
3.000,2.541,7.585,8.000
3.033,2.696,7.553,8.020
3.067,2.832,7.520,8.035
3.100,3.088,7.476,8.089
3.133,3.229,7.496,8.162
3.167,3.440,7.515,8.265
3.200,3.677,7.559,8.406
3.233,3.857,7.567,8.494
3.267,3.994,7.573,8.561
3.300,4.122,7.616,8.660
3.333,4.418,7.616,8.804
3.367,4.631,7.630,8.925
3.400,4.847,7.610,9.023
3.433,5.117,7.601,9.163
3.467,5.306,7.589,9.259
3.500,5.564,7.626,9.440
3.533,5.725,7.605,9.519
3.567,5.942,7.528,9.591
3.600,6.190,7.474,9.705
3.633,6.447,7.458,9.858
3.667,6.636,7.404,9.943
3.700,6.860,7.299,10.02
3.733,7.039,7.246,10.10
3.767,7.265,7.093,10.15
3.800,7.500,6.960,10.23
3.833,7.646,6.796,10.23
3.867,7.885,6.624,10.30
3.900,8.096,6.534,10.40
3.933,8.223,6.357,10.39
3.967,8.356,6.270,10.45
4.000,8.579,6.153,10.56
4.033,8.824,6.032,10.69
4.067,9.017,5.881,10.77
4.100,9.118,5.789,10.80
4.133,9.222,5.669,10.83
4.167,9.394,5.528,10.90
4.200,9.510,5.395,10.93
4.233,9.706,5.212,11.02
4.267,9.881,5.002,11.08
4.300,9.893,4.900,11.04
4.333,9.960,4.642,10.99
4.367,9.986,4.438,10.93
4.400,9.992,4.310,10.88
4.433,10.05,3.998,10.82
4.467,10.09,3.777,10.77
4.500,10.07,3.562,10.68
4.533,10.16,3.363,10.70
4.567,10.23,3.185,10.71
4.600,10.31,3.036,10.75
4.633,10.40,2.918,10.80
4.667,10.49,2.779,10.85
4.700,10.62,2.667,10.95
4.733,10.76,2.505,11.04
4.767,10.83,2.396,11.09
4.800,10.99,2.307,11.23
4.833,11.12,2.184,11.34
4.867,11.32,2.073,11.51
4.900,11.49,1.912,11.65
4.933,11.63,1.738,11.76
4.967,11.72,1.519,11.82
5.000,11.86,1.341,11.93
5.033,12.06,1.150,12.11
5.067,12.14,0.886,12.17
5.100,12.32,0.766,12.35
5.133,12.39,0.601,12.41
5.167,12.47,0.426,12.47
5.200,12.52,0.302,12.52
5.233,12.52,0.125,12.52
5.267,12.55,-4.815E-2,12.55
5.300,12.60,-0.279,12.60
5.333,12.64,-0.434,12.65
5.367,12.68,-0.714,12.70
5.400,12.70,-0.932,12.73
5.433,12.73,-1.039,12.77
5.467,12.74,-1.261,12.81
5.500,12.84,-1.490,12.92
5.533,12.87,-1.698,12.98
5.567,12.88,-1.840,13.02
5.600,12.92,-2.030,13.08
5.633,12.97,-2.253,13.16
5.667,13.01,-2.462,13.24
5.700,13.09,-2.710,13.37
5.733,13.17,-2.856,13.47
5.767,13.26,-3.001,13.60
5.800,13.41,-3.083,13.76
5.833,13.60,-3.175,13.97
5.867,13.75,-3.252,14.13
5.900,14.02,-3.319,14.41
5.933,14.19,-3.412,14.60
5.967,14.46,-3.502,14.88
6.000,14.69,-3.494,15.10
6.033,14.84,-3.486,15.24
6.067,15.01,-3.454,15.41
6.100,15.19,-3.420,15.57
6.133,15.36,-3.428,15.74
6.167,15.59,-3.383,15.96
6.200,15.77,-3.359,16.13
6.233,15.98,-3.250,16.31
6.267,16.23,-3.189,16.54
6.300,16.45,-3.152,16.75
6.333,16.67,-3.024,16.94
6.367,16.88,-2.952,17.13
6.400,17.02,-2.810,17.25
6.433,17.26,-2.640,17.46
6.467,17.47,-2.596,17.66
6.500,17.74,-2.471,17.91
6.533,17.96,-2.379,18.12
6.567,18.03,-2.275,18.17
6.600,18.24,-2.125,18.36
6.633,18.35,-2.000,18.46
6.667,18.53,-1.895,18.63
6.700,18.67,-1.755,18.75
6.733,18.74,-1.698,18.82
6.767,18.93,-1.572,19.00
6.800,19.02,-1.525,19.08
6.833,19.18,-1.349,19.23
6.867,19.29,-1.204,19.32
6.900,19.46,-1.097,19.49
6.933,19.62,-0.935,19.64
6.967,19.73,-0.762,19.75
7.000,19.87,-0.638,19.88
7.033,19.92,-0.587,19.93
7.067,20.07,-0.490,20.07
7.100,20.13,-0.455,20.14
7.133,20.26,-0.336,20.26
7.167,20.51,-0.179,20.51
7.200,20.72,-4.884E-2,20.72
7.233,20.82,6.982E-2,20.82
7.267,21.12,0.210,21.12
7.300,21.26,0.212,21.26
7.333,21.43,0.179,21.43
7.367,21.63,0.215,21.63
7.400,21.91,0.250,21.92
7.433,22.06,0.299,22.06
7.467,22.34,0.284,22.34
7.500,22.48,0.256,22.48
7.533,22.63,0.212,22.63
7.567,22.83,0.152,22.83
7.600,22.90,0.141,22.90
7.633,22.97,0.132,22.97
7.667,23.07,9.510E-2,23.07
7.700,23.17,6.480E-2,23.17
7.733,23.23,1.440E-2,23.23
7.767,23.25,-2.440E-2,23.25
7.800,23.30,-2.006E-2,23.30
7.833,23.30,-1.346E-2,23.30
7.867,23.31,-2.382E-2,23.31
7.900,23.31,-7.080E-2,23.31
7.933,23.52,-0.114,23.52
7.967,23.60,-0.186,23.60
8.000,23.68,-0.186,23.68
8.033,23.86,-0.281,23.86
8.067,23.96,-0.317,23.96
8.100,24.01,-0.377,24.01
8.133,24.22,-0.474,24.22
8.167,24.38,-0.598,24.38
8.200,24.42,-0.643,24.43
8.233,24.53,-0.727,24.54
8.267,24.51,-0.835,24.53
8.300,24.56,-0.814,24.57
8.333,24.67,-0.927,24.68
8.367,24.71,-0.977,24.73
8.400,24.81,-1.116,24.84
8.433,24.90,-1.180,24.92
8.467,25.00,-1.364,25.04
8.500,25.00,-1.421,25.04
8.533,25.15,-1.533,25.20
8.567,25.30,-1.575,25.35
8.600,25.44,-1.620,25.49
8.633,25.55,-1.512,25.59
8.667,25.60,-1.497,25.64
8.700,25.69,-1.414,25.73
8.733,25.78,-1.409,25.82
8.767,25.93,-1.384,25.97
8.800,26.14,-1.316,26.17
8.833,26.15,-1.270,26.18
8.867,26.13,-1.153,26.16
8.900,26.14,-1.018,26.16
8.933,26.05,-0.987,26.07
8.967,26.00,-0.953,26.02
9.000,25.92,-0.919,25.94
9.033,25.81,-0.837,25.83
9.067,25.60,-0.727,25.61
9.100,25.57,-0.770,25.58
9.133,25.54,-0.837,25.55
9.167,25.41,-0.932,25.42
9.200,25.22,-1.036,25.24
9.233,25.12,-1.190,25.15
9.267,25.00,-1.384,25.04
9.300,24.92,-1.508,24.97
9.333,24.86,-1.680,24.92
9.367,24.74,-1.741,24.80
9.400,24.69,-1.854,24.76
9.433,24.59,-1.959,24.67
9.467,24.41,-2.186,24.51
9.500,24.33,-2.354,24.44
9.533,24.27,-2.439,24.39
9.567,24.14,-2.554,24.28
9.600,24.05,-2.737,24.21
9.633,23.98,-2.924,24.16
9.667,23.74,-3.027,23.94
9.700,23.58,-3.252,23.81
9.733,23.47,-3.341,23.71
9.767,23.26,-3.368,23.51
9.800,23.06,-3.509,23.32
9.833,22.85,-3.480,23.11
9.867,22.62,-3.559,22.90
9.900,22.38,-3.655,22.68
9.933,22.20,-3.708,22.51
9.967,21.90,-3.827,22.23
10.000,21.64,-4.005,22.00
10.033,21.30,-4.138,21.70
10.067,21.23,-4.233,21.65
10.100,20.95,-4.308,21.38
10.133,20.70,-4.511,21.19
10.167,20.50,-4.612,21.01
10.200,20.23,-4.801,20.79
10.233,19.98,-4.980,20.59
10.267,19.68,-5.098,20.33
10.300,19.33,-5.229,20.03
10.333,19.17,-5.318,19.89
10.367,18.85,-5.377,19.60
10.400,18.65,-5.445,19.43
10.433,18.35,-5.556,19.17
10.467,18.03,-5.643,18.89
10.500,17.82,-5.692,18.70
10.533,17.51,-5.765,18.44
10.567,17.29,-5.774,18.23
10.600,16.96,-5.818,17.93
10.633,16.72,-5.873,17.72
10.667,16.56,-5.904,17.59
10.700,16.23,-5.852,17.25
10.733,15.97,-5.896,17.03
10.767,15.71,-5.887,16.78
10.800,15.40,-5.921,16.50
10.833,15.20,-5.967,16.33
10.867,14.91,-6.032,16.08
10.900,14.62,-6.105,15.84
10.933,14.45,-6.121,15.69
10.967,14.24,-6.184,15.53
11.000,13.93,-6.265,15.27
11.033,13.86,-6.312,15.23
11.067,13.74,-6.297,15.12
11.100,13.59,-6.305,14.98
11.133,13.51,-6.320,14.91
11.167,13.39,-6.309,14.80
11.200,13.34,-6.309,14.75
11.233,13.25,-6.325,14.68
11.267,13.16,-6.365,14.62
11.300,13.08,-6.386,14.56
11.333,12.99,-6.389,14.48
11.367,12.91,-6.326,14.38
11.400,12.85,-6.296,14.31
11.433,12.69,-6.267,14.15
11.467,12.55,-6.225,14.01
11.500,12.44,-6.146,13.88
11.533,12.32,-6.102,13.75
11.567,12.17,-6.017,13.58
11.600,12.05,-5.897,13.41
11.633,11.94,-5.698,13.23
11.667,11.82,-5.524,13.05
11.700,11.69,-5.290,12.83
11.733,11.63,-5.075,12.69
11.767,11.54,-4.854,12.52
11.800,11.60,-4.663,12.50
11.833,11.59,-4.314,12.37
11.867,11.55,-4.113,12.26
11.900,11.47,-3.758,12.07
11.933,11.53,-3.604,12.08
11.967,11.58,-3.296,12.04
12.000,11.54,-2.990,11.92
12.033,11.59,-2.703,11.90
12.067,11.56,-2.368,11.80
12.100,11.54,-2.040,11.72
12.133,11.48,-1.723,11.61
12.167,11.31,-1.413,11.40
12.200,11.20,-1.203,11.27
12.233,11.03,-0.775,11.06
12.267,10.94,-0.517,10.95
12.300,10.81,-0.134,10.81
12.333,10.61,0.122,10.61
12.367,10.41,0.520,10.42
12.400,10.24,0.813,10.27
12.433,10.09,1.111,10.15
12.467,9.914,1.382,10.01
12.500,9.856,1.491,9.968
12.533,9.776,1.768,9.935
12.567,9.710,1.990,9.912
12.600,9.673,2.264,9.935
12.633,9.543,2.603,9.891
12.667,9.417,2.866,9.843
12.700,9.416,3.156,9.931
12.733,9.368,3.383,9.961
12.767,9.315,3.757,10.04
12.800,9.264,4.038,10.11
12.833,9.220,4.277,10.16
12.867,9.227,4.665,10.34
12.900,9.195,4.864,10.40
12.933,9.240,5.226,10.62
12.967,9.283,5.509,10.79
13.000,9.360,5.787,11.00
13.033,9.390,6.038,11.16
13.067,9.510,6.271,11.39
13.100,9.665,6.559,11.68
13.133,9.757,6.650,11.81
13.167,9.826,6.817,11.96
13.200,9.997,7.005,12.21
13.233,10.11,7.141,12.38
13.267,10.25,7.278,12.57
13.300,10.36,7.335,12.69
13.333,10.51,7.420,12.87
13.367,10.69,7.540,13.08
13.400,10.94,7.789,13.43
13.433,11.14,7.997,13.72
13.467,11.23,8.246,13.94
13.500,11.30,8.488,14.13
13.533,11.36,8.783,14.36
13.567,11.37,8.981,14.49
13.600,11.44,9.216,14.69
13.633,11.55,9.585,15.01
13.667,11.67,9.957,15.34
13.700,11.69,10.26,15.56
13.733,11.83,10.63,15.90
13.767,11.95,10.79,16.10
13.800,12.12,11.12,16.45
13.833,12.23,11.50,16.79
13.867,12.32,11.78,17.05
13.900,12.38,11.98,17.23
13.933,12.43,12.20,17.42
13.967,12.54,12.47,17.68
14.000,12.56,12.84,17.96
14.033,12.60,13.10,18.17
14.067,12.69,13.39,18.45
14.100,12.76,13.69,18.72
14.133,12.88,14.06,19.07
14.167,12.93,14.37,19.33
14.200,13.07,14.59,19.59
14.233,13.26,14.86,19.91
14.267,13.50,15.10,20.26
14.300,13.70,15.45,20.65
14.333,13.88,15.69,20.95
14.367,14.15,16.09,21.43
14.400,14.25,16.34,21.68
14.433,14.47,16.84,22.20
14.467,14.59,17.16,22.53
14.500,14.81,17.51,22.93
14.533,14.98,17.71,23.20
14.567,15.19,18.07,23.61
14.600,15.29,18.40,23.93
14.633,15.46,18.83,24.37
14.667,15.60,19.20,24.74
14.700,15.69,19.62,25.12
14.733,15.80,20.05,25.52
14.767,15.84,20.41,25.84
14.800,15.90,20.76,26.15
14.833,15.93,21.01,26.37
14.867,16.00,21.37,26.70
14.900,16.00,21.72,26.98
14.933,15.98,22.03,27.22
14.967,16.10,22.21,27.43
15.000,16.19,22.46,27.68
15.033,16.31,22.75,27.99
15.067,16.36,23.04,28.26
15.100,16.42,23.47,28.64
15.133,16.49,23.77,28.93
15.167,16.61,23.95,29.15
15.200,16.70,24.08,29.30
15.233,16.69,24.08,29.30
15.267,16.68,24.09,29.30
15.300,16.68,24.09,29.30
15.333,16.68,24.09,29.30
15.367,16.68,24.09,29.30
15.400,16.67,24.09,29.30
15.433,16.67,24.09,29.30
15.467,16.67,24.09,29.30
15.500,16.67,24.09,29.30
15.533,16.67,24.09,29.30
15.567,16.68,24.09,29.30
15.600,16.68,24.09,29.30
15.633,16.67,24.09,29.30
15.667,16.67,24.10,29.30
15.700,16.64,24.22,29.39
15.733,16.55,24.39,29.48
15.767,16.47,24.74,29.72
15.800,16.49,25.02,29.96
15.833,16.49,25.30,30.20
15.867,16.41,25.59,30.40
15.900,16.28,25.95,30.64
15.933,16.18,26.19,30.79
15.967,16.09,26.44,30.95
16.000,15.98,26.64,31.07
16.033,15.88,26.87,31.21
16.067,15.73,27.02,31.27
16.100,15.59,27.24,31.38
16.133,15.37,27.48,31.49
16.167,15.26,27.71,31.64
16.200,15.19,27.99,31.85
16.233,15.06,28.19,31.97
16.267,15.00,28.49,32.19
16.300,14.87,28.91,32.51
16.333,14.80,29.08,32.63
16.367,14.80,29.34,32.86
16.400,14.78,29.64,33.12
16.433,14.75,29.90,33.34
16.467,14.74,30.28,33.68
16.500,14.72,30.48,33.84
16.533,14.74,30.75,34.10
16.567,14.80,30.97,34.33
16.600,14.87,31.21,34.57
16.633,14.92,31.55,34.90
16.667,14.98,31.76,35.11
16.700,15.02,32.08,35.42
16.733,15.05,32.37,35.69
16.767,15.04,32.62,35.92
16.800,15.07,32.88,36.17
16.833,15.12,33.14,36.43
16.867,15.17,33.38,36.66
16.900,15.24,33.67,36.96
16.933,15.32,33.90,37.20
16.967,15.40,34.27,37.57
17.000,15.54,34.57,37.91
17.033,15.61,34.74,38.09
17.067,15.71,34.99,38.36
17.100,15.77,35.24,38.61
17.133,15.76,35.45,38.79
17.167,15.74,35.88,39.18
17.200,15.82,36.16,39.47
17.233,15.79,36.42,39.70
17.267,15.76,36.65,39.90
17.300,15.69,36.80,40.01
17.333,15.57,37.02,40.17
17.367,15.49,37.28,40.37
17.400,15.35,37.50,40.52
17.433,15.21,37.75,40.69
17.467,15.02,37.95,40.82
17.500,14.87,38.16,40.96
17.533,14.67,38.33,41.04
17.567,14.54,38.46,41.11
17.600,14.46,38.61,41.23
17.633,14.22,38.92,41.44
17.667,14.05,39.04,41.49
17.700,13.86,39.18,41.56
17.733,13.61,39.48,41.76
17.767,13.44,39.72,41.93
17.800,13.13,39.81,41.91
17.833,12.96,39.87,41.92
17.867,12.61,39.93,41.87
17.900,12.30,39.99,41.84
17.933,12.01,40.07,41.83
17.967,11.76,40.19,41.87
18.000,11.47,40.29,41.89
18.033,11.04,40.40,41.88
18.067,10.90,40.49,41.93
18.100,10.64,40.65,42.02
18.133,10.43,40.75,42.06
18.167,10.18,40.90,42.15
18.200,9.905,41.06,42.24
18.233,9.706,41.21,42.33
18.267,9.470,41.44,42.51
18.300,9.218,41.56,42.57
18.333,9.013,41.73,42.69
18.367,8.741,41.85,42.75
18.400,8.715,41.91,42.80
18.433,8.564,42.02,42.88
18.467,8.501,42.18,43.03
18.500,8.470,42.28,43.12
18.533,8.474,42.41,43.25
18.567,8.465,42.68,43.51
18.600,8.421,42.89,43.70
18.633,8.497,43.05,43.88
18.667,8.559,43.32,44.16
18.700,8.597,43.53,44.37
18.733,8.686,43.81,44.67
18.767,8.757,44.16,45.02
18.800,8.819,44.38,45.25
18.833,8.960,44.61,45.50
18.867,9.076,44.85,45.76
18.900,9.097,45.00,45.91
18.933,9.251,45.13,46.07
18.967,9.406,45.28,46.25
19.000,9.550,45.47,46.46
19.033,9.669,45.67,46.68
19.067,9.774,45.71,46.74
19.100,9.890,45.89,46.94
19.133,10.07,46.03,47.12
19.167,10.19,46.22,47.33
19.200,10.36,46.34,47.48
19.233,10.57,46.47,47.65
19.267,10.74,46.65,47.87
19.300,10.92,46.78,48.04
19.333,11.20,46.95,48.27
19.367,11.42,47.06,48.43
19.400,11.64,47.19,48.61
19.433,11.87,47.34,48.81
19.467,11.99,47.43,48.93
19.500,12.18,47.58,49.12
19.533,12.40,47.68,49.26
19.567,12.46,47.77,49.37
19.600,12.66,47.84,49.49
19.633,12.86,47.97,49.66
19.667,12.93,48.08,49.79
19.700,13.10,48.16,49.91
19.733,13.25,48.28,50.07
19.767,13.42,48.39,50.21
19.800,13.49,48.44,50.28
19.833,13.57,48.58,50.44
19.867,13.55,48.68,50.53
19.900,13.59,48.74,50.60
19.933,13.50,48.77,50.61
19.967,13.49,48.89,50.72
20.000,13.45,49.03,50.84
20.033,13.41,49.17,50.97
20.067,13.43,49.24,51.04
20.100,13.40,49.38,51.17
20.133,13.33,49.43,51.20
20.167,13.28,49.48,51.24
20.200,13.19,49.58,51.30
20.233,13.07,49.64,51.34
20.267,13.00,49.71,51.38
20.300,12.88,49.72,51.37
20.333,12.72,49.74,51.34
20.367,12.53,49.77,51.32
20.400,12.41,49.77,51.29
20.433,12.20,49.73,51.20
20.467,12.01,49.71,51.14
20.500,11.86,49.66,51.05
20.533,11.77,49.62,51.00
20.567,11.60,49.56,50.90
20.600,11.46,49.45,50.76
20.633,11.39,49.36,50.66
20.667,11.32,49.22,50.51
20.700,11.16,49.07,50.32
20.733,11.07,48.99,50.22
20.767,10.98,48.81,50.04
20.800,10.96,48.72,49.94
20.833,10.90,48.69,49.90
20.867,10.94,48.64,49.85
20.900,10.92,48.44,49.66
20.933,10.89,48.34,49.56
20.967,10.84,48.17,49.38
21.000,10.81,48.10,49.30
21.033,10.70,47.95,49.13
21.067,10.57,47.80,48.95
21.100,10.42,47.72,48.85
21.133,10.39,47.48,48.61
21.167,10.25,47.23,48.33
21.200,10.17,47.09,48.18
21.233,10.09,46.86,47.93
21.267,9.943,46.61,47.66
21.300,9.892,46.58,47.62
21.333,9.740,46.33,47.34
21.367,9.692,46.15,47.16
21.400,9.685,46.04,47.04
21.433,9.591,45.82,46.81
21.467,9.444,45.63,46.60
21.500,9.362,45.54,46.49
21.533,9.230,45.28,46.21
21.567,9.243,45.02,45.96
21.600,9.150,44.88,45.80
21.633,8.966,44.65,45.54
21.667,8.910,44.45,45.34
21.700,8.802,44.19,45.06
21.733,8.686,43.98,44.83
21.767,8.568,43.82,44.65
21.800,8.450,43.76,44.57
21.833,8.323,43.61,44.39
21.867,8.343,43.63,44.42
21.900,8.237,43.66,44.43
21.933,8.141,43.74,44.49
21.967,8.000,43.74,44.47
22.000,7.862,43.72,44.42
22.033,7.754,43.71,44.40
22.067,7.676,43.72,44.39
22.100,7.442,43.71,44.34
22.133,7.286,43.73,44.33
22.167,7.094,43.73,44.30
22.200,6.951,43.78,44.33
22.233,6.746,43.84,44.36
22.267,6.577,43.82,44.31
22.300,6.496,43.90,44.37
22.333,6.366,43.92,44.38
22.367,6.211,43.94,44.37
22.400,6.097,43.99,44.41
22.433,5.976,43.99,44.40
22.467,5.924,43.99,44.39
22.500,5.847,44.00,44.38
22.533,5.767,44.02,44.40
22.567,5.671,44.04,44.40
22.600,5.667,44.04,44.40
22.633,5.635,44.06,44.41
22.667,5.595,44.08,44.43
22.700,5.487,44.13,44.47
22.733,5.509,44.22,44.57
22.767,5.476,44.30,44.63
22.800,5.440,44.37,44.71
22.833,5.392,44.50,44.83
22.867,5.373,44.64,44.96
22.900,5.315,44.78,45.09
22.933,5.342,44.79,45.11
22.967,5.357,44.97,45.29
23.000,5.355,45.06,45.38
23.033,5.357,45.18,45.50
23.067,5.390,45.28,45.60
23.100,5.372,45.37,45.69
23.133,5.396,45.45,45.77
23.167,5.405,45.47,45.79
23.200,5.376,45.48,45.80
23.233,5.420,45.59,45.91
23.267,5.414,45.58,45.90
23.300,5.411,45.57,45.89
23.333,5.452,45.61,45.94
23.367,5.458,45.65,45.98
23.400,5.439,45.68,46.00
23.433,5.428,45.69,46.01
23.467,5.451,45.77,46.09
23.500,5.435,45.86,46.18
23.533,5.430,45.90,46.22
23.567,5.461,45.99,46.31
23.600,5.474,46.09,46.42
23.633,5.494,46.24,46.56
23.667,5.521,46.35,46.68
23.700,5.662,46.49,46.84
23.733,5.811,46.60,46.96
23.767,5.944,46.63,47.01
23.800,6.162,46.77,47.18
23.833,6.326,46.88,47.31
23.867,6.496,46.96,47.41
23.900,6.661,47.04,47.51
23.933,6.820,47.18,47.67
23.967,7.024,47.36,47.88
24.000,7.198,47.58,48.12
24.033,7.466,47.66,48.24
24.067,7.665,47.90,48.51
24.100,7.852,48.01,48.65
24.133,8.035,48.16,48.82
24.167,8.263,48.39,49.09
24.200,8.447,48.55,49.28
24.233,8.679,48.66,49.43
24.267,8.835,48.82,49.62
24.300,9.011,49.03,49.85
24.333,9.185,49.25,50.09
24.367,9.370,49.45,50.33
24.400,9.544,49.59,50.50
24.433,9.723,49.63,50.57
24.467,9.860,49.76,50.73
24.500,10.04,49.92,50.92
24.533,10.33,50.13,51.18
24.567,10.36,50.18,51.24
24.600,10.67,50.32,51.44
24.633,10.91,50.47,51.64
24.667,11.05,50.55,51.75
24.700,11.40,50.76,52.02
24.733,11.58,50.89,52.19
24.767,11.88,51.06,52.43
24.800,12.15,51.26,52.68
24.833,12.35,51.37,52.84
24.867,12.61,51.57,53.09
24.900,12.88,51.64,53.23
24.933,13.00,51.76,53.37
24.967,13.20,51.87,53.52
25.000,13.30,51.92,53.60
25.033,13.44,52.01,53.71
25.067,13.51,52.09,53.81
25.100,13.71,52.06,53.84
25.133,13.81,52.01,53.81
25.167,14.00,52.03,53.88
25.200,14.24,52.03,53.94
25.233,14.46,52.13,54.10
25.267,14.67,52.21,54.23
25.300,14.92,52.33,54.42
25.333,15.15,52.43,54.57
25.367,15.38,52.61,54.81
25.400,15.53,52.76,55.00
25.433,15.60,52.84,55.09
25.467,15.74,53.02,55.31
25.500,15.87,53.15,55.47
25.533,16.04,53.27,55.63
25.567,16.19,53.36,55.76
25.600,16.29,53.43,55.86
25.633,16.34,53.45,55.90
25.667,16.35,53.44,55.89
25.700,16.37,53.42,55.87
25.733,16.38,53.40,55.86
25.767,16.37,53.41,55.86
25.800,16.37,53.41,55.86
25.833,16.37,53.42,55.87
25.867,16.37,53.42,55.87
25.900,16.37,53.42,55.87
25.933,16.36,53.42,55.87
25.967,16.37,53.42,55.87
26.000,16.37,53.42,55.87
26.033,16.37,53.42,55.87
26.067,16.37,53.42,55.87
26.100,16.37,53.42,55.87
26.133,16.37,53.42,55.87
26.167,16.37,53.42,55.87
26.200,16.37,53.42,55.87
26.233,16.37,53.42,55.87
26.267,16.37,53.42,55.87
26.300,16.37,53.42,55.87
26.333,16.37,53.42,55.87
26.367,16.38,53.39,55.84
26.400,16.36,53.43,55.88
26.433,16.38,53.39,55.85
26.467,16.36,53.44,55.88
26.500,16.37,53.40,55.85
26.533,16.37,53.41,55.86
26.567,16.41,53.39,55.86
26.600,16.45,53.43,55.91
26.633,16.51,53.41,55.91
26.667,16.62,53.45,55.98
26.700,16.71,53.45,56.00
26.733,16.89,53.43,56.03
26.767,17.04,53.43,56.08
26.800,17.23,53.46,56.16
26.833,17.50,53.41,56.20
26.867,17.64,53.41,56.25
26.900,17.89,53.40,56.32
26.933,18.07,53.30,56.28
26.967,18.19,53.25,56.27
27.000,18.43,53.18,56.28
27.033,18.57,53.05,56.21
27.067,18.72,53.03,56.24
27.100,18.95,52.97,56.26
27.133,19.24,52.91,56.30
27.167,19.46,52.93,56.39
27.200,19.74,52.93,56.49
27.233,20.02,52.94,56.60
27.267,20.23,53.01,56.73
27.300,20.47,53.00,56.82
27.333,20.76,52.99,56.91
27.367,21.00,52.98,56.99
27.400,21.18,52.95,57.03
27.433,21.31,52.96,57.08
27.467,21.52,52.96,57.16
27.500,21.78,52.94,57.25
27.533,21.96,52.95,57.32
27.567,22.28,52.93,57.42
27.600,22.54,52.97,57.57
27.633,22.72,53.01,57.67
27.667,22.91,53.03,57.77
27.700,23.11,53.08,57.89
27.733,23.38,53.14,58.05
27.767,23.65,53.24,58.25
27.800,23.82,53.28,58.36
27.833,24.05,53.40,58.56
27.867,24.29,53.45,58.71
27.900,24.47,53.53,58.86
27.933,24.69,53.60,59.01
27.967,25.00,53.68,59.22
28.000,25.15,53.74,59.33
28.033,25.27,53.87,59.51
28.067,25.43,53.99,59.68
28.100,25.61,54.14,59.89
28.133,25.64,54.21,59.97
28.167,25.75,54.35,60.14
28.200,25.88,54.52,60.35
28.233,26.09,54.65,60.56
28.267,26.23,54.84,60.79
28.300,26.42,55.05,61.07
28.333,26.43,55.25,61.24
28.367,26.55,55.53,61.55
28.400,26.68,55.76,61.81
28.433,26.78,55.88,61.96
28.467,26.95,56.21,62.34
28.500,27.11,56.42,62.59
28.533,27.31,56.64,62.88
28.567,27.43,56.87,63.14
28.600,27.58,57.02,63.33
28.633,27.78,57.24,63.62
28.667,27.94,57.46,63.89
28.700,28.10,57.60,64.09
28.733,28.24,57.79,64.32
28.767,28.43,57.97,64.57
28.800,28.56,58.23,64.85
28.833,28.73,58.38,65.07
28.867,28.84,58.55,65.26
28.900,29.10,58.73,65.54
28.933,29.34,58.84,65.75
28.967,29.47,58.97,65.92
29.000,29.69,59.06,66.10
29.033,29.83,59.13,66.23
29.067,29.95,59.16,66.31
29.100,30.14,59.18,66.42
29.133,30.38,59.27,66.60
29.167,30.55,59.39,66.78
29.200,30.61,59.47,66.88
29.233,30.86,59.60,67.12
29.267,31.08,59.70,67.31
29.300,31.24,59.77,67.44
29.333,31.52,59.89,67.68
29.367,31.69,60.01,67.87
29.400,31.82,60.15,68.05
29.433,31.88,60.20,68.12
29.467,31.95,60.34,68.27
29.500,31.96,60.41,68.34
29.533,31.99,60.53,68.47
29.567,32.02,60.61,68.55
29.600,31.88,60.75,68.61
29.633,31.80,60.79,68.61
29.667,31.71,60.91,68.67
29.700,31.62,61.08,68.78
29.733,31.54,61.17,68.82
29.767,31.44,61.30,68.90
29.800,31.34,61.42,68.95
29.833,31.30,61.47,68.98
29.867,31.13,61.59,69.01
29.900,30.97,61.75,69.08
29.933,30.85,61.85,69.12
29.967,30.66,62.00,69.17
30.000,30.50,62.17,69.24
