0.000,12.80,-69.59,70.76
0.033,12.69,-69.40,70.55
0.067,12.84,-69.52,70.69
0.100,12.80,-69.51,70.68
0.133,12.81,-69.46,70.63
0.167,12.88,-69.59,70.77
0.200,12.86,-69.49,70.67
0.233,12.83,-69.49,70.66
0.267,12.88,-69.57,70.75
0.300,12.92,-69.55,70.74
0.333,12.96,-69.59,70.78
0.367,12.95,-69.58,70.77
0.400,12.95,-69.59,70.79
0.433,12.95,-69.59,70.78
0.467,12.95,-69.59,70.78
0.500,12.94,-69.62,70.82
0.533,12.96,-69.57,70.77
0.567,12.96,-69.59,70.79
0.600,12.96,-69.59,70.79
0.633,12.96,-69.59,70.79
0.667,12.98,-69.64,70.84
0.700,12.95,-69.58,70.77
0.733,12.95,-69.63,70.82
0.767,12.97,-69.59,70.79
0.800,12.98,-69.57,70.77
0.833,13.01,-69.63,70.83
0.867,13.00,-69.55,70.75
0.900,13.07,-69.64,70.85
0.933,13.11,-69.59,70.81
0.967,13.15,-69.62,70.85
1.000,13.19,-69.65,70.89
1.033,13.24,-69.57,70.82
1.067,13.31,-69.65,70.91
1.100,13.34,-69.60,70.87
1.133,13.35,-69.61,70.88
1.167,13.40,-69.61,70.89
1.200,13.43,-69.54,70.83
1.233,13.51,-69.61,70.91
1.267,13.57,-69.58,70.89
1.300,13.58,-69.58,70.90
1.333,13.59,-69.58,70.90
1.367,13.58,-69.56,70.87
1.400,13.59,-69.60,70.91
1.433,13.59,-69.59,70.90
1.467,13.60,-69.58,70.89
1.500,13.65,-69.56,70.89
1.533,13.68,-69.57,70.90
1.567,13.73,-69.58,70.92
1.600,13.76,-69.58,70.93
1.633,13.80,-69.60,70.96
1.667,13.85,-69.61,70.98
1.700,13.88,-69.61,70.98
1.733,13.92,-69.64,71.02
1.767,13.92,-69.63,71.01
1.800,13.97,-69.67,71.06
1.833,14.06,-69.69,71.09
1.867,14.09,-69.74,71.15
1.900,14.07,-69.80,71.21
1.933,14.14,-69.88,71.30
1.967,14.15,-69.95,71.37
2.000,14.24,-70.02,71.45
2.033,14.18,-70.09,71.51
2.067,14.22,-70.16,71.58
2.100,14.15,-70.24,71.65
2.133,14.17,-70.31,71.72
2.167,14.16,-70.39,71.80
2.200,14.10,-70.40,71.79
2.233,14.04,-70.45,71.83
2.267,14.03,-70.45,71.83
2.300,14.05,-70.46,71.85
2.333,14.03,-70.51,71.89
2.367,14.02,-70.54,71.92
2.400,14.04,-70.51,71.89
2.433,14.05,-70.48,71.87
2.467,14.02,-70.44,71.82
2.500,14.08,-70.32,71.72
2.533,14.05,-70.27,71.66
2.567,14.07,-70.17,71.57
2.600,14.05,-70.09,71.48
2.633,14.08,-69.99,71.40
2.667,14.06,-69.88,71.28
2.700,14.05,-69.80,71.20
2.733,14.03,-69.67,71.07
2.767,14.06,-69.55,70.95
2.800,14.07,-69.45,70.86
2.833,14.04,-69.37,70.77
2.867,14.07,-69.31,70.72
2.900,14.08,-69.19,70.61
2.933,14.04,-69.10,70.51
2.967,14.08,-69.01,70.43
3.000,14.08,-68.88,70.30
3.033,14.07,-68.71,70.14
3.067,14.01,-68.51,69.93
3.100,14.03,-68.39,69.81
3.133,14.03,-68.22,69.65
3.167,14.01,-68.07,69.50
3.200,14.04,-67.93,69.37
3.233,14.04,-67.80,69.24
3.267,14.04,-67.60,69.04
3.300,14.02,-67.44,68.89
3.333,13.99,-67.25,68.69
3.367,14.02,-67.16,68.61
3.400,14.03,-66.98,68.43
3.433,14.00,-66.82,68.27
3.467,14.01,-66.66,68.11
3.500,13.95,-66.46,67.91
3.533,13.89,-66.32,67.75
3.567,13.86,-66.09,67.53
3.600,13.85,-65.91,67.35
3.633,13.86,-65.77,67.21
3.667,13.87,-65.59,67.04
3.700,13.88,-65.52,66.97
3.733,13.83,-65.39,66.83
3.767,13.84,-65.27,66.72
3.800,13.87,-65.14,66.60
3.833,13.88,-65.01,66.47
3.867,13.92,-64.92,66.39
3.900,13.94,-64.78,66.26
3.933,13.94,-64.60,66.09
3.967,13.97,-64.45,65.95
4.000,14.02,-64.33,65.84
4.033,14.02,-64.22,65.73
4.067,14.03,-64.13,65.64
4.100,14.09,-63.97,65.50
4.133,14.12,-63.87,65.41
4.167,14.19,-63.72,65.28
4.200,14.26,-63.58,65.16
4.233,14.29,-63.41,65.00
4.267,14.37,-63.23,64.84
4.300,14.36,-63.17,64.78
4.333,14.36,-63.05,64.67
4.367,14.36,-62.95,64.56
4.400,14.32,-62.84,64.46
4.433,14.29,-62.74,64.35
4.467,14.29,-62.72,64.33
4.500,14.29,-62.71,64.31
4.533,14.23,-62.65,64.25
4.567,14.08,-62.59,64.15
4.600,13.97,-62.58,64.12
4.633,13.91,-62.56,64.09
4.667,13.74,-62.53,64.02
4.700,13.61,-62.51,63.97
4.733,13.47,-62.54,63.97
4.767,13.33,-62.58,63.98
4.800,13.13,-62.62,63.99
4.833,12.99,-62.59,63.93
4.867,12.91,-62.61,63.93
4.900,12.82,-62.61,63.91
4.933,12.66,-62.60,63.87
4.967,12.57,-62.62,63.87
5.000,12.47,-62.64,63.87
5.033,12.43,-62.69,63.91
5.067,12.40,-62.76,63.97
5.100,12.28,-62.82,64.01
5.133,12.30,-62.90,64.09
5.167,12.26,-62.96,64.14
5.200,12.19,-63.03,64.20
5.233,12.10,-63.16,64.30
5.267,12.03,-63.31,64.45
5.300,12.00,-63.41,64.54
5.333,11.88,-63.49,64.60
5.367,11.71,-63.61,64.68
5.400,11.68,-63.70,64.76
5.433,11.55,-63.82,64.85
5.467,11.43,-63.97,64.98
5.500,11.30,-64.12,65.11
5.533,11.20,-64.25,65.22
5.567,11.19,-64.31,65.27
5.600,11.08,-64.44,65.38
5.633,10.92,-64.56,65.48
5.667,10.76,-64.71,65.60
5.700,10.68,-64.82,65.69
5.733,10.48,-64.93,65.77
5.767,10.31,-65.04,65.85
5.800,10.23,-65.07,65.87
5.833,10.05,-65.24,66.01
5.867,9.856,-65.35,66.09
5.900,9.739,-65.42,66.14
5.933,9.537,-65.49,66.18
5.967,9.405,-65.56,66.23
6.000,9.204,-65.65,66.29
6.033,9.107,-65.75,66.38
6.067,8.967,-65.86,66.47
6.100,8.878,-65.90,66.50
6.133,8.798,-66.00,66.59
6.167,8.692,-66.11,66.68
6.200,8.631,-66.30,66.86
6.233,8.545,-66.44,66.99
6.267,8.486,-66.62,67.15
6.300,8.417,-66.75,67.28
6.333,8.453,-66.86,67.39
6.367,8.397,-66.99,67.51
6.400,8.351,-67.26,67.77
6.433,8.262,-67.38,67.88
6.467,8.236,-67.54,68.04
6.500,8.202,-67.68,68.17
6.533,8.149,-67.86,68.35
6.567,8.131,-67.94,68.42
6.600,8.062,-67.96,68.44
6.633,7.988,-68.12,68.59
6.667,7.940,-68.20,68.66
6.700,7.820,-68.35,68.80
6.733,7.677,-68.46,68.89
6.767,7.629,-68.52,68.94
6.800,7.511,-68.60,69.01
6.833,7.448,-68.61,69.01
6.867,7.403,-68.69,69.09
6.900,7.327,-68.69,69.08
6.933,7.237,-68.73,69.11
6.967,7.000,-68.77,69.12
7.000,6.902,-68.80,69.15
7.033,6.880,-68.80,69.14
7.067,6.878,-68.80,69.15
7.100,6.875,-68.81,69.15
7.133,6.876,-68.81,69.15
7.167,6.876,-68.81,69.15
7.200,6.881,-68.81,69.15
7.233,6.880,-68.81,69.15
7.267,6.879,-68.81,69.15
7.300,6.879,-68.81,69.15
7.333,6.882,-68.81,69.16
7.367,6.882,-68.82,69.16
7.400,6.881,-68.82,69.16
7.433,6.881,-68.81,69.16
7.467,6.880,-68.81,69.16
7.500,6.898,-68.83,69.18
7.533,6.910,-68.85,69.20
7.567,6.899,-68.84,69.19
7.600,6.894,-68.85,69.19
7.633,6.888,-68.86,69.20
7.667,6.885,-68.86,69.20
7.700,6.882,-68.86,69.21
7.733,6.895,-68.89,69.23
7.767,6.790,-68.98,69.32
7.800,6.759,-69.01,69.34
7.833,6.740,-69.03,69.36
7.867,6.702,-69.02,69.34
7.900,6.584,-69.10,69.42
7.933,6.504,-69.07,69.37
7.967,6.455,-69.17,69.47
8.000,6.350,-69.13,69.42
8.033,6.163,-69.30,69.57
8.067,6.030,-69.25,69.51
8.100,5.979,-69.30,69.55
8.133,5.879,-69.26,69.51
8.167,5.751,-69.29,69.53
8.200,5.665,-69.30,69.54
8.233,5.604,-69.30,69.53
8.267,5.501,-69.29,69.51
8.300,5.366,-69.29,69.50
8.333,5.255,-69.26,69.46
8.367,5.199,-69.23,69.43
8.400,5.111,-69.20,69.39
8.433,5.060,-69.14,69.32
8.467,4.987,-69.10,69.28
8.500,4.842,-69.05,69.22
8.533,4.731,-68.99,69.15
8.567,4.667,-68.91,69.07
8.600,4.581,-68.83,68.98
8.633,4.532,-68.75,68.90
8.667,4.377,-68.68,68.82
8.700,4.374,-68.63,68.77
8.733,4.285,-68.54,68.67
8.767,4.226,-68.45,68.58
8.800,4.151,-68.40,68.53
8.833,4.096,-68.30,68.42
8.867,3.994,-68.22,68.34
8.900,3.898,-68.08,68.19
8.933,3.895,-67.98,68.09
8.967,3.798,-67.88,67.99
9.000,3.786,-67.84,67.95
9.033,3.750,-67.83,67.93
9.067,3.655,-67.73,67.83
9.100,3.641,-67.66,67.76
9.133,3.602,-67.66,67.75
9.167,3.585,-67.68,67.78
9.200,3.589,-67.71,67.80
9.233,3.566,-67.74,67.83
9.267,3.587,-67.72,67.82
9.300,3.587,-67.73,67.83
9.333,3.596,-67.74,67.83
9.367,3.599,-67.73,67.83
9.400,3.599,-67.73,67.83
9.433,3.600,-67.73,67.83
9.467,3.602,-67.73,67.82
9.500,3.609,-67.72,67.82
9.533,3.616,-67.72,67.81
9.567,3.619,-67.72,67.82
9.600,3.620,-67.72,67.81
9.633,3.615,-67.72,67.82
9.667,3.611,-67.72,67.82
9.700,3.608,-67.72,67.82
9.733,3.608,-67.70,67.80
9.767,3.594,-67.71,67.81
9.800,3.583,-67.72,67.82
9.833,3.588,-67.72,67.81
9.867,3.591,-67.72,67.81
9.900,3.592,-67.72,67.81
9.933,3.596,-67.72,67.81
9.967,3.593,-67.72,67.82
10.000,3.594,-67.72,67.82
10.033,3.590,-67.73,67.82
10.067,3.595,-67.72,67.82
10.100,3.592,-67.73,67.82
10.133,3.595,-67.72,67.82
10.167,3.596,-67.72,67.82
10.200,3.596,-67.72,67.82
10.233,3.594,-67.73,67.82
10.267,3.596,-67.72,67.82
10.300,3.595,-67.73,67.82
10.333,3.597,-67.72,67.82
10.367,3.586,-67.72,67.82
10.400,3.574,-67.73,67.82
10.433,3.583,-67.72,67.81
10.467,3.577,-67.73,67.83
10.500,3.537,-67.75,67.84
10.533,3.551,-67.75,67.85
10.567,3.580,-67.75,67.84
10.600,3.600,-67.73,67.83
10.633,3.597,-67.73,67.83
10.667,3.602,-67.72,67.82
10.700,3.598,-67.73,67.82
10.733,3.596,-67.73,67.83
10.767,3.603,-67.72,67.81
10.800,3.598,-67.73,67.82
10.833,3.602,-67.72,67.81
10.867,3.601,-67.72,67.81
10.900,3.598,-67.73,67.82
10.933,3.597,-67.73,67.83
10.967,3.597,-67.73,67.83
11.000,3.597,-67.73,67.83
11.033,3.596,-67.73,67.83
11.067,3.596,-67.73,67.83
11.100,3.598,-67.73,67.82
11.133,3.598,-67.73,67.82
11.167,3.595,-67.73,67.83
11.200,3.599,-67.73,67.82
11.233,3.598,-67.73,67.82
11.267,3.598,-67.73,67.82
11.300,3.598,-67.72,67.82
11.333,3.598,-67.72,67.82
11.367,3.601,-67.72,67.81
11.400,3.601,-67.72,67.81
11.433,3.599,-67.72,67.82
11.467,3.592,-67.73,67.82
11.500,3.589,-67.73,67.82
11.533,3.586,-67.73,67.82
11.567,3.587,-67.74,67.83
11.600,3.586,-67.74,67.83
11.633,3.577,-67.74,67.83
11.667,3.582,-67.74,67.83
11.700,3.580,-67.74,67.83
11.733,3.565,-67.75,67.84
11.767,3.571,-67.75,67.84
11.800,3.576,-67.74,67.84
11.833,3.577,-67.74,67.84
11.867,3.568,-67.74,67.83
11.900,3.566,-67.74,67.83
11.933,3.562,-67.74,67.83
11.967,3.571,-67.73,67.83
12.000,3.576,-67.73,67.83
12.033,3.578,-67.73,67.83
12.067,3.580,-67.73,67.83
12.100,3.578,-67.74,67.84
12.133,3.580,-67.74,67.83
12.167,3.572,-67.74,67.84
12.200,3.565,-67.75,67.84
12.233,3.558,-67.75,67.84
12.267,3.550,-67.74,67.84
12.300,3.565,-67.73,67.82
12.333,3.567,-67.73,67.82
12.367,3.572,-67.73,67.83
12.400,3.588,-67.72,67.81
12.433,3.588,-67.72,67.82
12.467,3.586,-67.72,67.81
12.500,3.583,-67.72,67.82
12.533,3.581,-67.73,67.82
12.567,3.580,-67.73,67.82
12.600,3.580,-67.73,67.82
12.633,3.576,-67.74,67.83
12.667,3.580,-67.73,67.82
12.700,3.579,-67.73,67.83
12.733,3.582,-67.73,67.82
12.767,3.575,-67.73,67.83
12.800,3.574,-67.73,67.83
12.833,3.574,-67.73,67.83
12.867,3.575,-67.73,67.83
12.900,3.578,-67.73,67.83
12.933,3.580,-67.73,67.83
12.967,3.580,-67.73,67.83
13.000,3.581,-67.73,67.83
13.033,3.581,-67.73,67.83
13.067,3.570,-67.74,67.83
13.100,3.567,-67.74,67.83
13.133,3.564,-67.74,67.84
13.167,3.570,-67.73,67.83
13.200,3.575,-67.73,67.82
13.233,3.593,-67.71,67.81
13.267,3.619,-67.68,67.78
13.300,3.630,-67.69,67.78
13.333,3.629,-67.69,67.79
13.367,3.627,-67.70,67.79
13.400,3.617,-67.70,67.80
13.433,3.608,-67.71,67.81
13.467,3.603,-67.71,67.81
13.500,3.603,-67.71,67.81
13.533,3.596,-67.72,67.82
13.567,3.584,-67.74,67.83
13.600,3.581,-67.74,67.84
13.633,3.580,-67.74,67.84
13.667,3.580,-67.74,67.84
13.700,3.580,-67.75,67.84
13.733,3.588,-67.74,67.83
13.767,3.589,-67.73,67.83
13.800,3.589,-67.73,67.83
13.833,3.590,-67.73,67.83
13.867,3.599,-67.72,67.82
13.900,3.600,-67.72,67.82
13.933,3.600,-67.72,67.82
13.967,3.603,-67.72,67.82
14.000,3.600,-67.72,67.82
14.033,3.598,-67.73,67.82
14.067,3.596,-67.73,67.82
14.100,3.599,-67.73,67.82
14.133,3.598,-67.73,67.82
14.167,3.605,-67.72,67.82
14.200,3.623,-67.72,67.82
14.233,3.610,-67.72,67.82
14.267,3.603,-67.72,67.82
14.300,3.603,-67.72,67.81
14.333,3.602,-67.72,67.81
14.367,3.598,-67.72,67.82
14.400,3.598,-67.72,67.82
14.433,3.622,-67.72,67.82
14.467,3.616,-67.72,67.82
14.500,3.604,-67.71,67.81
14.533,3.601,-67.72,67.81
14.567,3.609,-67.72,67.81
14.600,3.615,-67.72,67.81
14.633,3.605,-67.71,67.81
14.667,3.596,-67.72,67.81
14.700,3.596,-67.71,67.81
14.733,3.596,-67.71,67.81
14.767,3.591,-67.72,67.82
14.800,3.594,-67.72,67.81
14.833,3.590,-67.72,67.82
14.867,3.591,-67.72,67.82
14.900,3.588,-67.73,67.82
14.933,3.580,-67.74,67.84
14.967,3.566,-67.76,67.86
15.000,3.578,-67.75,67.84
15.033,3.577,-67.75,67.84
15.067,3.580,-67.74,67.84
15.100,3.557,-67.74,67.84
15.133,3.598,-67.72,67.81
15.167,3.598,-67.71,67.81
15.200,3.598,-67.71,67.81
15.233,3.596,-67.71,67.81
15.267,3.595,-67.72,67.81
15.300,3.594,-67.72,67.82
15.333,3.594,-67.72,67.82
15.367,3.594,-67.73,67.83
15.400,3.594,-67.73,67.82
15.433,3.592,-67.73,67.83
15.467,3.592,-67.73,67.83
15.500,3.589,-67.74,67.83
15.533,3.590,-67.73,67.83
15.567,3.572,-67.74,67.83
15.600,3.558,-67.74,67.83
15.633,3.566,-67.74,67.83
15.667,3.573,-67.73,67.83
15.700,3.570,-67.74,67.84
15.733,3.566,-67.75,67.84
15.767,3.565,-67.75,67.84
15.800,3.564,-67.75,67.84
15.833,3.565,-67.75,67.85
15.867,3.569,-67.75,67.84
15.900,3.571,-67.75,67.84
15.933,3.571,-67.75,67.84
15.967,3.571,-67.75,67.84
16.000,3.572,-67.75,67.84
16.033,3.576,-67.74,67.84
16.067,3.578,-67.74,67.84
16.100,3.571,-67.75,67.84
16.133,3.577,-67.74,67.84
16.167,3.578,-67.74,67.83
16.200,3.578,-67.74,67.84
16.233,3.579,-67.74,67.83
16.267,3.578,-67.74,67.83
16.300,3.579,-67.74,67.83
16.333,3.580,-67.74,67.83
16.367,3.581,-67.74,67.83
16.400,3.581,-67.74,67.83
16.433,3.580,-67.74,67.83
16.467,3.580,-67.74,67.83
16.500,3.567,-67.75,67.84
16.533,3.563,-67.74,67.84
16.567,3.571,-67.74,67.83
16.600,3.577,-67.73,67.83
16.633,3.578,-67.73,67.83
16.667,3.580,-67.74,67.83
16.700,3.583,-67.73,67.83
16.733,3.584,-67.73,67.83
16.767,3.585,-67.73,67.82
16.800,3.585,-67.73,67.82
16.833,3.588,-67.73,67.82
16.867,3.590,-67.73,67.82
16.900,3.592,-67.73,67.82
16.933,3.593,-67.73,67.82
16.967,3.587,-67.73,67.82
17.000,3.586,-67.73,67.83
17.033,3.586,-67.73,67.83
17.067,3.585,-67.73,67.83
17.100,3.585,-67.73,67.83
17.133,3.584,-67.74,67.83
17.167,3.583,-67.74,67.83
17.200,3.572,-67.74,67.83
17.233,3.564,-67.74,67.83
17.267,3.565,-67.73,67.83
17.300,3.566,-67.73,67.83
17.333,3.569,-67.73,67.83
17.367,3.572,-67.73,67.83
17.400,3.572,-67.73,67.83
17.433,3.574,-67.73,67.83
17.467,3.580,-67.73,67.82
17.500,3.581,-67.72,67.82
17.533,3.584,-67.72,67.82
17.567,3.586,-67.72,67.81
17.600,3.600,-67.70,67.80
17.633,3.606,-67.70,67.79
17.667,3.613,-67.69,67.79
17.700,3.617,-67.69,67.78
17.733,3.620,-67.68,67.78
17.767,3.616,-67.69,67.78
17.800,3.611,-67.70,67.79
17.833,3.607,-67.70,67.80
17.867,3.599,-67.71,67.81
17.900,3.590,-67.72,67.82
17.933,3.589,-67.72,67.82
17.967,3.586,-67.72,67.82
18.000,3.582,-67.72,67.81
18.033,3.583,-67.72,67.81
18.067,3.585,-67.72,67.81
18.100,3.587,-67.72,67.82
18.133,3.585,-67.72,67.81
18.167,3.584,-67.72,67.81
18.200,3.585,-67.72,67.81
18.233,3.587,-67.72,67.81
18.267,3.588,-67.72,67.81
18.300,3.588,-67.72,67.82
18.333,3.588,-67.72,67.82
18.367,3.589,-67.72,67.82
18.400,3.592,-67.72,67.82
18.433,3.593,-67.72,67.81
18.467,3.595,-67.72,67.81
18.500,3.595,-67.72,67.81
18.533,3.593,-67.72,67.81
18.567,3.593,-67.72,67.81
18.600,3.592,-67.72,67.81
18.633,3.592,-67.72,67.82
18.667,3.591,-67.73,67.82
18.700,3.592,-67.74,67.83
18.733,3.592,-67.72,67.82
18.767,3.593,-67.72,67.82
18.800,3.599,-67.72,67.81
18.833,3.603,-67.71,67.80
18.867,3.611,-67.70,67.80
18.900,3.606,-67.71,67.80
18.933,3.602,-67.71,67.81
18.967,3.600,-67.71,67.81
19.000,3.598,-67.71,67.81
19.033,3.597,-67.71,67.81
19.067,3.597,-67.72,67.81
19.100,3.596,-67.73,67.82
19.133,3.595,-67.73,67.82
19.167,3.593,-67.73,67.82
19.200,3.590,-67.73,67.83
19.233,3.591,-67.73,67.82
19.267,3.591,-67.73,67.82
19.300,3.594,-67.72,67.82
19.333,3.594,-67.73,67.82
19.367,3.595,-67.72,67.82
19.400,3.594,-67.72,67.82
19.433,3.597,-67.72,67.82
19.467,3.592,-67.73,67.82
19.500,3.589,-67.73,67.83
19.533,3.588,-67.73,67.83
19.567,3.586,-67.73,67.83
19.600,3.573,-67.74,67.84
19.633,3.567,-67.75,67.84
19.667,3.575,-67.74,67.83
19.700,3.580,-67.73,67.83
19.733,3.585,-67.72,67.82
19.767,3.585,-67.72,67.82
19.800,3.580,-67.73,67.83
19.833,3.584,-67.73,67.83
19.867,3.585,-67.72,67.82
19.900,3.578,-67.74,67.83
19.933,3.576,-67.74,67.84
19.967,3.577,-67.74,67.84
20.000,3.573,-67.74,67.84
20.033,3.565,-67.75,67.84
20.067,3.572,-67.74,67.83
20.100,3.573,-67.74,67.83
20.133,3.577,-67.73,67.83
20.167,3.577,-67.74,67.84
20.200,3.589,-67.74,67.83
20.233,3.593,-67.73,67.82
20.267,3.602,-67.71,67.81
20.300,3.600,-67.72,67.81
20.333,3.595,-67.72,67.82
20.367,3.594,-67.72,67.82
20.400,3.593,-67.72,67.82
20.433,3.592,-67.73,67.82
20.467,3.592,-67.73,67.82
20.500,3.591,-67.73,67.82
20.533,3.593,-67.72,67.82
20.567,3.592,-67.73,67.82
20.600,3.589,-67.73,67.82
20.633,3.587,-67.73,67.83
20.667,3.589,-67.73,67.83
20.700,3.591,-67.73,67.82
20.733,3.588,-67.73,67.83
20.767,3.585,-67.74,67.83
20.800,3.586,-67.74,67.83
20.833,3.586,-67.73,67.83
20.867,3.585,-67.73,67.83
20.900,3.586,-67.73,67.83
20.933,3.582,-67.73,67.83
20.967,3.580,-67.74,67.83
21.000,3.578,-67.74,67.84
21.033,3.575,-67.74,67.83
21.067,3.582,-67.74,67.83
21.100,3.585,-67.74,67.83
21.133,3.585,-67.74,67.83
21.167,3.585,-67.74,67.83
21.200,3.585,-67.73,67.83
21.233,3.585,-67.73,67.83
21.267,3.585,-67.73,67.83
21.300,3.585,-67.73,67.83
21.333,3.582,-67.73,67.82
21.367,3.583,-67.73,67.82
21.400,3.584,-67.73,67.82
21.433,3.584,-67.73,67.83
21.467,3.584,-67.73,67.83
21.500,3.583,-67.73,67.83
21.533,3.582,-67.73,67.83
21.567,3.583,-67.73,67.83
21.600,3.583,-67.73,67.83
21.633,3.584,-67.73,67.83
21.667,3.585,-67.73,67.83
21.700,3.585,-67.73,67.83
21.733,3.585,-67.73,67.83
21.767,3.580,-67.74,67.83
21.800,3.579,-67.74,67.83
21.833,3.578,-67.74,67.83
21.867,3.580,-67.73,67.83
21.900,3.582,-67.73,67.83
21.933,3.583,-67.73,67.83
21.967,3.583,-67.73,67.83
22.000,3.579,-67.74,67.83
22.033,3.575,-67.74,67.83
22.067,3.577,-67.74,67.83
22.100,3.580,-67.74,67.83
22.133,3.573,-67.74,67.83
22.167,3.568,-67.74,67.84
22.200,3.564,-67.74,67.84
22.233,3.569,-67.74,67.83
22.267,3.566,-67.74,67.83
22.300,3.561,-67.74,67.84
22.333,3.565,-67.74,67.84
22.367,3.568,-67.74,67.84
22.400,3.563,-67.75,67.85
22.433,3.560,-67.76,67.85
22.467,3.555,-67.76,67.85
22.500,3.562,-67.75,67.85
22.533,3.557,-67.75,67.84
22.567,3.552,-67.75,67.84
22.600,3.559,-67.75,67.84
22.633,3.565,-67.74,67.84
22.667,3.559,-67.74,67.83
22.700,3.554,-67.74,67.84
22.733,3.556,-67.74,67.83
22.767,3.558,-67.73,67.83
22.800,3.561,-67.73,67.82
22.833,3.563,-67.72,67.82
22.867,3.567,-67.72,67.81
22.900,3.569,-67.72,67.81
22.933,3.570,-67.72,67.81
22.967,3.568,-67.72,67.82
23.000,3.568,-67.73,67.82
23.033,3.570,-67.73,67.82
23.067,3.571,-67.73,67.82
23.100,3.572,-67.73,67.82
23.133,3.572,-67.73,67.82
23.167,3.572,-67.73,67.82
23.200,3.572,-67.73,67.82
23.233,3.579,-67.72,67.81
23.267,3.583,-67.72,67.81
23.300,3.581,-67.72,67.81
23.333,3.585,-67.71,67.81
23.367,3.590,-67.71,67.81
23.400,3.596,-67.71,67.81
23.433,3.592,-67.71,67.81
23.467,3.600,-67.71,67.81
23.500,3.594,-67.72,67.81
23.533,3.596,-67.72,67.81
23.567,3.598,-67.71,67.81
23.600,3.595,-67.72,67.81
23.633,3.591,-67.72,67.81
23.667,3.589,-67.72,67.82
23.700,3.587,-67.72,67.82
23.733,3.592,-67.72,67.81
23.767,3.589,-67.72,67.81
23.800,3.586,-67.72,67.81
23.833,3.584,-67.72,67.82
23.867,3.583,-67.72,67.82
23.900,3.583,-67.72,67.82
23.933,3.591,-67.72,67.82
23.967,3.597,-67.72,67.82
24.000,3.597,-67.72,67.82
24.033,3.596,-67.73,67.82
24.067,3.593,-67.73,67.82
24.100,3.592,-67.73,67.82
24.133,3.598,-67.73,67.82
24.167,3.598,-67.72,67.82
24.200,3.595,-67.72,67.82
24.233,3.592,-67.73,67.82
24.267,3.590,-67.72,67.82
24.300,3.589,-67.72,67.82
24.333,3.588,-67.72,67.82
24.367,3.588,-67.73,67.82
24.400,3.583,-67.73,67.82
24.433,3.579,-67.74,67.83
24.467,3.555,-67.76,67.85
24.500,3.562,-67.76,67.85
24.533,3.559,-67.75,67.85
24.567,3.559,-67.75,67.84
24.600,3.558,-67.75,67.84
24.633,3.557,-67.74,67.84
24.667,3.556,-67.75,67.84
24.700,3.572,-67.72,67.82
24.733,3.573,-67.73,67.82
24.767,3.574,-67.73,67.82
24.800,3.562,-67.73,67.82
24.833,3.561,-67.73,67.82
24.867,3.560,-67.73,67.83
24.900,3.557,-67.73,67.83
24.933,3.544,-67.75,67.85
24.967,3.555,-67.74,67.83
25.000,3.521,-67.76,67.85
25.033,3.487,-67.75,67.84
25.067,3.468,-67.74,67.83
25.100,3.475,-67.73,67.82
25.133,3.480,-67.72,67.81
25.167,3.484,-67.70,67.79
25.200,3.485,-67.69,67.78
25.233,3.466,-67.70,67.79
25.267,3.454,-67.71,67.80
25.300,3.450,-67.71,67.80
25.333,3.447,-67.72,67.81
25.367,3.448,-67.72,67.81
25.400,3.444,-67.72,67.81
25.433,3.447,-67.72,67.80
25.467,3.444,-67.72,67.81
25.500,3.442,-67.72,67.81
25.533,3.440,-67.72,67.81
25.567,3.443,-67.72,67.80
25.600,3.445,-67.71,67.80
25.633,3.443,-67.72,67.81
25.667,3.441,-67.72,67.81
25.700,3.439,-67.72,67.81
25.733,3.438,-67.72,67.81
25.767,3.437,-67.72,67.81
25.800,3.437,-67.72,67.81
25.833,3.433,-67.73,67.81
25.867,3.428,-67.73,67.82
25.900,3.425,-67.73,67.82
25.933,3.421,-67.73,67.82
25.967,3.425,-67.73,67.82
26.000,3.427,-67.73,67.81
26.033,3.430,-67.73,67.81
26.067,3.431,-67.72,67.81
26.100,3.419,-67.73,67.82
26.133,3.407,-67.74,67.82
26.167,3.413,-67.73,67.82
26.200,3.417,-67.73,67.82
26.233,3.417,-67.74,67.82
26.267,3.418,-67.74,67.82
26.300,3.417,-67.74,67.83
26.333,3.417,-67.74,67.83
26.367,3.405,-67.74,67.83
26.400,3.405,-67.75,67.83
26.433,3.406,-67.74,67.83
26.467,3.406,-67.74,67.82
26.500,3.404,-67.74,67.83
26.533,3.402,-67.74,67.83
26.567,3.375,-67.76,67.84
26.600,3.345,-67.75,67.84
26.633,3.306,-67.76,67.84
26.667,3.273,-67.75,67.83
26.700,3.248,-67.75,67.83
26.733,3.243,-67.75,67.83
26.767,3.238,-67.75,67.83
26.800,3.236,-67.75,67.83
26.833,3.224,-67.75,67.83
26.867,3.232,-67.75,67.83
26.900,3.235,-67.75,67.83
26.933,3.224,-67.76,67.83
26.967,3.229,-67.77,67.84
27.000,3.235,-67.77,67.85
27.033,3.239,-67.78,67.85
27.067,3.231,-67.79,67.86
27.100,3.161,-67.82,67.89
27.133,3.148,-67.88,67.95
27.167,3.116,-67.89,67.96
27.200,3.089,-67.90,67.97
27.233,3.068,-67.91,67.98
27.267,3.053,-67.94,68.01
27.300,2.988,-67.92,67.99
27.333,2.974,-67.91,67.98
27.367,2.940,-67.91,67.97
27.400,2.940,-67.91,67.97
27.433,2.928,-67.91,67.97
27.467,2.923,-67.91,67.98
27.500,2.907,-67.92,67.98
27.533,2.892,-67.94,68.00
27.567,2.853,-67.93,67.99
27.600,2.824,-67.92,67.97
27.633,2.797,-67.91,67.97
27.667,2.781,-67.90,67.96
27.700,2.769,-67.89,67.95
27.733,2.759,-67.88,67.93
27.767,2.755,-67.88,67.94
27.800,2.751,-67.89,67.94
27.833,2.748,-67.88,67.94
27.867,2.753,-67.88,67.94
27.900,2.757,-67.88,67.93
27.933,2.762,-67.88,67.93
27.967,2.774,-67.87,67.93
28.000,2.782,-67.88,67.93
28.033,2.785,-67.87,67.93
28.067,2.790,-67.88,67.93
28.100,2.786,-67.87,67.92
28.133,2.786,-67.87,67.92
28.167,2.788,-67.86,67.92
28.200,2.782,-67.86,67.92
28.233,2.787,-67.87,67.93
28.267,2.783,-67.88,67.94
28.300,2.776,-67.90,67.95
28.333,2.783,-67.89,67.95
28.367,2.787,-67.90,67.95
28.400,2.787,-67.90,67.95
28.433,2.788,-67.90,67.95
28.467,2.788,-67.90,67.95
28.500,2.786,-67.90,67.96
28.533,2.786,-67.90,67.96
28.567,2.787,-67.90,67.96
28.600,2.787,-67.90,67.96
28.633,2.788,-67.91,67.97
28.667,2.786,-67.91,67.97
28.700,2.788,-67.91,67.97
28.733,2.791,-67.91,67.96
28.767,2.792,-67.90,67.96
28.800,2.796,-67.91,67.97
28.833,2.796,-67.91,67.97
28.867,2.796,-67.91,67.97
28.900,2.798,-67.91,67.97
28.933,2.801,-67.91,67.97
28.967,2.806,-67.92,67.97
29.000,2.804,-67.91,67.97
29.033,2.795,-67.90,67.96
29.067,2.789,-67.90,67.96
29.100,2.783,-67.90,67.96
29.133,2.778,-67.90,67.95
29.167,2.777,-67.91,67.96
29.200,2.782,-67.90,67.96
29.233,2.781,-67.91,67.97
29.267,2.785,-67.91,67.97
29.300,2.785,-67.91,67.97
29.333,2.784,-67.92,67.97
29.367,2.779,-67.93,67.98
29.400,2.784,-67.92,67.97
29.433,2.791,-67.92,67.98
29.467,2.797,-67.93,67.99
29.500,2.696,-68.00,68.05
29.533,2.676,-68.02,68.07
29.567,2.672,-68.04,68.09
29.600,2.670,-68.06,68.11
29.633,2.669,-68.07,68.13
29.667,2.669,-68.08,68.14
29.700,2.566,-68.18,68.22
29.733,2.541,-68.22,68.27
29.767,2.524,-68.22,68.26
29.800,2.515,-68.21,68.26
29.833,2.513,-68.23,68.28
29.867,2.507,-68.23,68.27
29.900,2.507,-68.25,68.29
29.933,2.504,-68.24,68.28
29.967,2.518,-68.25,68.30
30.000,2.531,-68.26,68.31
