0.000,28.32,-6.537,29.07
0.033,28.11,-6.416,28.83
0.067,28.01,-6.293,28.71
0.100,27.87,-6.093,28.52
0.133,27.75,-6.013,28.39
0.167,27.55,-5.893,28.17
0.200,27.33,-5.727,27.92
0.233,27.21,-5.762,27.81
0.267,27.06,-5.612,27.64
0.300,27.02,-5.604,27.59
0.333,27.00,-5.583,27.57
0.367,26.92,-5.553,27.49
0.400,26.89,-5.619,27.47
0.433,26.85,-5.583,27.42
0.467,26.81,-5.537,27.38
0.500,26.76,-5.640,27.35
0.533,26.64,-5.497,27.20
0.567,26.62,-5.506,27.18
0.600,26.63,-5.461,27.18
0.633,26.62,-5.444,27.17
0.667,26.60,-5.482,27.16
0.700,26.58,-5.446,27.13
0.733,26.55,-5.422,27.10
0.767,26.53,-5.383,27.07
0.800,26.46,-5.388,27.00
0.833,26.37,-5.405,26.92
0.867,26.26,-5.443,26.82
0.900,26.27,-5.447,26.82
0.933,26.27,-5.449,26.83
0.967,26.30,-5.396,26.85
1.000,26.32,-5.396,26.87
1.033,26.30,-5.394,26.84
1.067,26.30,-5.380,26.84
1.100,26.30,-5.400,26.85
1.133,26.30,-5.413,26.85
1.167,26.28,-5.424,26.84
1.200,26.27,-5.437,26.83
1.233,26.25,-5.443,26.81
1.267,26.23,-5.447,26.79
1.300,26.22,-5.434,26.77
1.333,26.16,-5.458,26.72
1.367,26.15,-5.449,26.71
1.400,26.13,-5.453,26.69
1.433,26.14,-5.450,26.71
1.467,26.15,-5.445,26.71
1.500,26.15,-5.442,26.71
1.533,26.15,-5.439,26.71
1.567,26.17,-5.406,26.73
1.600,26.20,-5.380,26.74
1.633,26.20,-5.373,26.74
1.667,26.12,-5.366,26.66
1.700,26.12,-5.340,26.66
1.733,26.13,-5.321,26.67
1.767,26.13,-5.324,26.66
1.800,26.15,-5.330,26.69
1.833,26.19,-5.288,26.72
1.867,26.22,-5.248,26.74
1.900,26.26,-5.266,26.78
1.933,26.34,-5.226,26.86
1.967,26.37,-5.244,26.88
2.000,26.39,-5.269,26.91
2.033,26.49,-5.249,27.00
2.067,26.53,-5.234,27.04
2.100,26.56,-5.249,27.07
2.133,26.72,-5.159,27.21
2.167,26.75,-5.093,27.23
2.200,26.76,-5.091,27.24
2.233,26.77,-5.097,27.25
2.267,26.78,-5.100,27.26
2.300,26.74,-5.112,27.23
2.333,26.73,-5.160,27.22
2.367,26.74,-5.173,27.24
2.400,26.75,-5.181,27.25
2.433,26.74,-5.160,27.24
2.467,26.75,-5.149,27.24
2.500,26.76,-5.159,27.25
2.533,26.76,-5.158,27.25
2.567,26.76,-5.167,27.26
2.600,26.77,-5.165,27.26
2.633,26.77,-5.159,27.26
2.667,26.78,-5.162,27.27
2.700,26.78,-5.165,27.28
2.733,26.78,-5.153,27.27
2.767,26.77,-5.146,27.26
2.800,26.77,-5.140,27.26
2.833,26.76,-5.135,27.24
2.867,26.75,-5.133,27.24
2.900,26.75,-5.131,27.23
2.933,26.76,-5.135,27.25
2.967,26.76,-5.137,27.25
3.000,26.75,-5.107,27.23
3.033,26.77,-5.151,27.26
3.067,26.77,-5.125,27.25
3.100,26.77,-5.108,27.25
3.133,26.77,-5.106,27.26
3.167,26.78,-5.107,27.26
3.200,26.78,-5.112,27.26
3.233,26.80,-5.122,27.28
3.267,26.83,-5.126,27.32
3.300,26.80,-5.128,27.28
3.333,26.80,-5.119,27.28
3.367,26.80,-5.111,27.28
3.400,26.79,-5.083,27.27
3.433,26.87,-4.998,27.33
3.467,26.93,-4.977,27.39
3.500,27.04,-4.841,27.47
3.533,27.10,-4.817,27.52
3.567,27.13,-4.803,27.56
3.600,27.25,-4.692,27.65
3.633,27.39,-4.560,27.77
3.667,27.45,-4.521,27.82
3.700,27.57,-4.417,27.92
3.733,27.63,-4.305,27.97
3.767,27.85,-4.249,28.17
3.800,27.93,-4.197,28.24
3.833,28.08,-4.104,28.38
3.867,28.19,-4.035,28.47
3.900,28.36,-3.922,28.63
3.933,28.50,-3.796,28.76
3.967,28.62,-3.677,28.85
4.000,28.84,-3.591,29.07
4.033,29.03,-3.435,29.23
4.067,29.16,-3.343,29.35
4.100,29.24,-3.239,29.42
4.133,29.38,-3.213,29.55
4.167,29.44,-3.219,29.62
4.200,29.66,-3.125,29.83
4.233,29.78,-3.122,29.95
4.267,29.90,-3.087,30.06
4.300,30.15,-3.004,30.30
4.333,30.25,-3.002,30.39
4.367,30.42,-2.964,30.57
4.400,30.52,-2.948,30.66
4.433,30.65,-2.933,30.79
4.467,30.91,-2.971,31.05
4.500,31.17,-2.998,31.31
4.533,31.31,-2.991,31.45
4.567,31.52,-3.050,31.67
4.600,31.74,-3.147,31.90
4.633,31.92,-3.137,32.08
4.667,32.16,-3.173,32.31
4.700,32.48,-3.229,32.64
4.733,32.67,-3.276,32.84
4.767,32.97,-3.313,33.14
4.800,33.25,-3.301,33.41
4.833,33.48,-3.288,33.64
4.867,33.78,-3.317,33.95
4.900,33.96,-3.301,34.12
4.933,34.06,-3.330,34.22
4.967,34.40,-3.351,34.57
5.000,34.64,-3.383,34.80
5.033,34.86,-3.431,35.03
5.067,35.11,-3.476,35.28
5.100,35.34,-3.509,35.52
5.133,35.56,-3.567,35.74
5.167,35.83,-3.651,36.02
5.200,36.07,-3.685,36.26
5.233,36.23,-3.740,36.42
5.267,36.50,-3.865,36.70
5.300,36.67,-3.948,36.88
5.333,36.81,-4.037,37.03
5.367,36.89,-4.164,37.13
5.400,37.10,-4.286,37.35
5.433,37.13,-4.359,37.38
5.467,37.21,-4.465,37.48
5.500,37.30,-4.625,37.59
5.533,37.38,-4.710,37.68
5.567,37.42,-4.767,37.72
5.600,37.31,-4.899,37.63
5.633,37.28,-4.979,37.61
5.667,37.31,-4.976,37.64
5.700,37.33,-4.976,37.66
5.733,37.34,-4.973,37.67
5.767,37.34,-4.965,37.67
5.800,37.35,-4.961,37.67
5.833,37.35,-4.964,37.68
5.867,37.36,-4.949,37.68
5.900,37.35,-4.958,37.67
5.933,37.35,-4.963,37.68
5.967,37.35,-4.966,37.68
6.000,37.35,-4.971,37.68
6.033,37.34,-4.972,37.67
6.067,37.34,-4.974,37.67
6.100,37.33,-4.964,37.66
6.133,37.34,-4.964,37.67
6.167,37.35,-4.954,37.68
6.200,37.35,-4.960,37.68
6.233,37.35,-4.965,37.68
6.267,37.35,-4.968,37.68
6.300,37.35,-4.968,37.68
6.333,37.35,-4.970,37.68
6.367,37.35,-4.970,37.68
6.400,37.35,-4.972,37.68
6.433,37.35,-4.971,37.68
6.467,37.35,-4.972,37.68
6.500,37.35,-4.972,37.68
6.533,37.35,-4.972,37.68
6.567,37.34,-4.974,37.67
6.600,37.34,-4.974,37.67
6.633,37.34,-4.973,37.67
6.667,37.35,-4.971,37.68
6.700,37.35,-4.974,37.68
6.733,37.35,-4.973,37.68
6.767,37.35,-4.973,37.68
6.800,37.34,-4.981,37.68
6.833,37.34,-4.980,37.67
6.867,37.34,-4.987,37.67
6.900,37.34,-4.984,37.67
6.933,37.34,-4.983,37.67
6.967,37.34,-4.981,37.67
7.000,37.34,-4.980,37.67
7.033,37.34,-4.980,37.67
7.067,37.34,-4.981,37.67
7.100,37.34,-4.980,37.67
7.133,37.34,-4.980,37.67
7.167,37.34,-4.979,37.67
7.200,37.34,-4.979,37.67
7.233,37.34,-4.979,37.67
7.267,37.34,-4.979,37.67
7.300,37.34,-4.979,37.67
7.333,37.34,-4.985,37.67
7.367,37.34,-4.990,37.67
7.400,37.34,-4.987,37.67
7.433,37.34,-4.985,37.68
7.467,37.35,-4.983,37.68
7.500,37.35,-4.982,37.68
7.533,37.35,-4.982,37.68
7.567,37.35,-4.981,37.68
7.600,37.36,-4.973,37.69
7.633,37.37,-4.966,37.70
7.667,37.37,-4.966,37.69
7.700,37.36,-4.968,37.69
7.733,37.36,-4.971,37.69
7.767,37.36,-4.972,37.69
7.800,37.36,-4.973,37.68
7.833,37.35,-4.974,37.68
7.867,37.34,-4.987,37.67
7.900,37.33,-4.998,37.66
7.933,37.34,-4.992,37.67
7.967,37.34,-4.988,37.67
8.000,37.34,-4.989,37.67
8.033,37.34,-4.989,37.67
8.067,37.34,-4.991,37.67
8.100,37.34,-4.991,37.67
8.133,37.35,-4.981,37.68
8.167,37.36,-4.983,37.69
8.200,37.38,-4.978,37.71
8.233,37.38,-4.969,37.71
8.267,37.37,-4.971,37.70
8.300,37.37,-4.973,37.69
8.333,37.39,-4.953,37.72
8.367,37.38,-4.960,37.71
8.400,37.37,-4.964,37.70
8.433,37.37,-4.968,37.69
8.467,37.36,-4.970,37.69
8.500,37.36,-4.974,37.69
8.533,37.36,-4.980,37.69
8.567,37.36,-4.978,37.69
8.600,37.36,-4.978,37.69
8.633,37.36,-4.977,37.69
8.667,37.37,-4.985,37.70
8.700,37.37,-4.988,37.71
8.733,37.37,-4.986,37.70
8.767,37.37,-4.991,37.70
8.800,37.37,-5.002,37.70
8.833,37.37,-5.004,37.70
8.867,37.36,-5.010,37.70
8.900,37.38,-5.007,37.71
8.933,37.39,-5.003,37.72
8.967,37.38,-4.995,37.71
9.000,37.37,-4.989,37.70
9.033,37.37,-4.987,37.70
9.067,37.37,-4.989,37.70
9.100,37.38,-4.996,37.71
9.133,37.38,-5.000,37.72
9.167,37.37,-5.024,37.71
9.200,37.37,-5.043,37.71
9.233,37.42,-5.087,37.77
9.267,37.41,-5.121,37.76
9.300,37.48,-5.238,37.85
9.333,37.50,-5.268,37.87
9.367,37.50,-5.357,37.89
9.400,37.58,-5.397,37.96
9.433,37.59,-5.524,37.99
9.467,37.69,-5.549,38.10
9.500,37.69,-5.605,38.11
9.533,37.69,-5.641,38.11
9.567,37.79,-5.755,38.23
9.600,37.83,-5.805,38.27
9.633,37.96,-5.900,38.42
9.667,38.02,-5.933,38.48
9.700,38.10,-6.056,38.58
9.733,38.13,-6.116,38.61
9.767,38.21,-6.212,38.71
9.800,38.24,-6.261,38.75
9.833,38.25,-6.295,38.77
9.867,38.36,-6.323,38.88
9.900,38.38,-6.418,38.91
9.933,38.44,-6.433,38.97
9.967,38.55,-6.499,39.10
10.000,38.61,-6.539,39.15
10.033,38.64,-6.568,39.20
10.067,38.76,-6.642,39.32
10.100,38.78,-6.671,39.35
10.133,38.80,-6.686,39.37
10.167,38.81,-6.714,39.39
10.200,38.83,-6.736,39.41
10.233,38.86,-6.720,39.44
10.267,38.90,-6.690,39.47
10.300,38.93,-6.669,39.50
10.333,38.92,-6.679,39.49
10.367,38.91,-6.683,39.48
10.400,38.90,-6.688,39.47
10.433,38.89,-6.690,39.46
10.467,38.90,-6.692,39.47
10.500,38.90,-6.694,39.47
10.533,38.89,-6.696,39.47
10.567,38.89,-6.699,39.46
10.600,38.90,-6.698,39.47
10.633,38.90,-6.697,39.47
10.667,38.90,-6.697,39.47
10.700,38.90,-6.698,39.47
10.733,38.90,-6.697,39.48
10.767,38.91,-6.688,39.48
10.800,38.91,-6.690,39.48
10.833,38.92,-6.683,39.49
10.867,38.92,-6.687,39.49
10.900,38.92,-6.689,39.49
10.933,38.92,-6.691,39.49
10.967,38.92,-6.694,39.49
11.000,38.92,-6.694,39.49
11.033,38.92,-6.695,39.49
11.067,38.92,-6.696,39.49
11.100,38.93,-6.696,39.50
11.133,38.92,-6.695,39.49
11.167,38.92,-6.702,39.49
11.200,38.91,-6.707,39.49
11.233,38.91,-6.710,39.48
11.267,38.91,-6.712,39.48
11.300,38.90,-6.711,39.48
11.333,38.90,-6.707,39.48
11.367,38.90,-6.705,39.48
11.400,38.91,-6.703,39.48
11.433,38.91,-6.703,39.48
11.467,38.91,-6.703,39.48
11.500,38.92,-6.715,39.50
11.533,38.93,-6.725,39.51
11.567,38.93,-6.726,39.50
11.600,38.93,-6.726,39.50
11.633,38.93,-6.735,39.51
11.667,38.92,-6.724,39.50
11.700,38.92,-6.724,39.50
11.733,38.92,-6.722,39.50
11.767,38.93,-6.722,39.50
11.800,38.93,-6.721,39.50
11.833,38.92,-6.716,39.50
11.867,38.91,-6.745,39.49
11.900,38.91,-6.753,39.49
11.933,38.90,-6.754,39.49
11.967,38.90,-6.764,39.48
12.000,38.90,-6.763,39.48
12.033,38.94,-6.791,39.53
12.067,38.93,-6.815,39.52
12.100,38.93,-6.830,39.53
12.133,38.93,-6.838,39.52
12.167,38.93,-6.843,39.52
12.200,38.93,-6.838,39.52
12.233,38.94,-6.835,39.54
12.267,38.93,-6.840,39.53
12.300,38.94,-6.840,39.53
12.333,38.94,-6.840,39.54
12.367,38.93,-6.844,39.53
12.400,38.92,-6.848,39.52
12.433,38.92,-6.850,39.52
12.467,38.91,-6.852,39.51
12.500,38.91,-6.858,39.51
12.533,38.91,-6.866,39.51
12.567,38.89,-6.903,39.50
12.600,38.93,-6.932,39.54
12.633,38.89,-6.981,39.51
12.667,38.86,-7.031,39.49
12.700,38.86,-7.051,39.50
12.733,38.87,-7.064,39.51
12.767,38.87,-7.079,39.51
12.800,38.90,-7.098,39.54
12.833,38.87,-7.209,39.53
12.867,38.88,-7.257,39.55
12.900,38.86,-7.340,39.54
12.933,38.88,-7.459,39.59
12.967,38.86,-7.557,39.59
13.000,38.84,-7.670,39.59
13.033,38.84,-7.774,39.61
13.067,38.84,-7.904,39.64
13.100,38.87,-8.017,39.69
13.133,38.92,-8.164,39.77
13.167,38.91,-8.216,39.76
13.200,38.90,-8.290,39.77
13.233,38.87,-8.435,39.77
13.267,38.84,-8.507,39.76
13.300,38.83,-8.583,39.77
13.333,38.77,-8.635,39.72
13.367,38.74,-8.698,39.70
13.400,38.73,-8.782,39.71
13.433,38.71,-8.832,39.71
13.467,38.71,-8.913,39.72
13.500,38.72,-8.962,39.74
13.533,38.73,-9.040,39.77
13.567,38.76,-9.076,39.80
13.600,38.76,-9.107,39.82
13.633,38.77,-9.221,39.85
13.667,38.77,-9.308,39.87
13.700,38.78,-9.453,39.91
13.733,38.77,-9.601,39.94
13.767,38.73,-9.723,39.93
13.800,38.73,-9.821,39.96
13.833,38.74,-9.898,39.99
13.867,38.75,-10.06,40.03
13.900,38.72,-10.15,40.03
13.933,38.69,-10.27,40.03
13.967,38.67,-10.39,40.05
14.000,38.66,-10.49,40.06
14.033,38.58,-10.58,40.01
14.067,38.55,-10.64,40.00
14.100,38.50,-10.73,39.97
14.133,38.41,-10.78,39.90
14.167,38.33,-10.86,39.84
14.200,38.25,-10.92,39.78
14.233,38.15,-11.01,39.70
14.267,38.09,-11.05,39.66
14.300,37.99,-11.13,39.58
14.333,37.90,-11.20,39.52
14.367,37.79,-11.28,39.44
14.400,37.78,-11.38,39.46
14.433,37.76,-11.36,39.44
14.467,37.67,-11.45,39.37
14.500,37.64,-11.50,39.36
14.533,37.61,-11.53,39.34
14.567,37.49,-11.61,39.24
14.600,37.46,-11.68,39.24
14.633,37.44,-11.67,39.22
14.667,37.39,-11.67,39.17
14.700,37.34,-11.67,39.12
14.733,37.34,-11.67,39.12
14.767,37.32,-11.70,39.11
14.800,37.33,-11.69,39.11
14.833,37.33,-11.69,39.12
14.867,37.33,-11.70,39.12
14.900,37.33,-11.71,39.12
14.933,37.33,-11.71,39.12
14.967,37.33,-11.71,39.12
15.000,37.33,-11.70,39.12
15.033,37.33,-11.70,39.12
15.067,37.32,-11.69,39.11
15.100,37.31,-11.68,39.09
15.133,37.28,-11.66,39.06
15.167,37.30,-11.67,39.08
15.200,37.31,-11.67,39.10
15.233,37.32,-11.67,39.11
15.267,37.30,-11.67,39.09
15.300,37.28,-11.66,39.06
15.333,37.32,-11.67,39.10
15.367,37.34,-11.68,39.13
15.400,37.37,-11.70,39.16
15.433,37.39,-11.71,39.18
15.467,37.37,-11.72,39.16
15.500,37.33,-11.70,39.12
15.533,37.33,-11.69,39.12
15.567,37.33,-11.69,39.12
15.600,37.34,-11.68,39.12
15.633,37.34,-11.68,39.12
15.667,37.34,-11.68,39.12
15.700,37.34,-11.68,39.12
15.733,37.34,-11.68,39.12
15.767,37.35,-11.67,39.13
15.800,37.32,-11.66,39.10
15.833,37.30,-11.64,39.08
15.867,37.31,-11.65,39.09
15.900,37.32,-11.65,39.09
15.933,37.31,-11.65,39.09
15.967,37.32,-11.66,39.10
16.000,37.33,-11.66,39.11
16.033,37.32,-11.66,39.10
16.067,37.32,-11.66,39.10
16.100,37.32,-11.66,39.09
16.133,37.31,-11.66,39.09
16.167,37.28,-11.65,39.06
16.200,37.30,-11.66,39.08
16.233,37.31,-11.67,39.09
16.267,37.31,-11.67,39.09
16.300,37.31,-11.67,39.09
16.333,37.30,-11.67,39.09
16.367,37.30,-11.67,39.09
16.400,37.31,-11.67,39.10
16.433,37.32,-11.68,39.10
16.467,37.32,-11.68,39.10
16.500,37.32,-11.68,39.11
16.533,37.33,-11.68,39.11
16.567,37.33,-11.68,39.12
16.600,37.34,-11.68,39.13
16.633,37.34,-11.68,39.12
16.667,37.33,-11.68,39.11
16.700,37.35,-11.68,39.13
16.733,37.36,-11.69,39.14
16.767,37.38,-11.69,39.17
16.800,37.37,-11.69,39.15
16.833,37.37,-11.70,39.16
16.867,37.37,-11.71,39.16
16.900,37.37,-11.72,39.16
16.933,37.37,-11.72,39.17
16.967,37.37,-11.71,39.16
17.000,37.36,-11.72,39.15
17.033,37.35,-11.71,39.14
17.067,37.35,-11.70,39.14
17.100,37.35,-11.69,39.13
17.133,37.34,-11.69,39.13
17.167,37.34,-11.69,39.13
17.200,37.34,-11.68,39.13
17.233,37.36,-11.69,39.14
17.267,37.37,-11.69,39.15
17.300,37.36,-11.69,39.14
17.333,37.34,-11.68,39.12
17.367,37.34,-11.68,39.13
17.400,37.33,-11.68,39.12
17.433,37.33,-11.68,39.11
17.467,37.33,-11.68,39.12
17.500,37.35,-11.71,39.15
17.533,37.36,-11.72,39.15
17.567,37.36,-11.72,39.16
17.600,37.36,-11.71,39.16
17.633,37.37,-11.70,39.16
17.667,37.36,-11.70,39.15
17.700,37.36,-11.70,39.15
17.733,37.36,-11.69,39.14
17.767,37.35,-11.69,39.14
17.800,37.35,-11.69,39.13
17.833,37.35,-11.69,39.13
17.867,37.35,-11.70,39.14
17.900,37.36,-11.70,39.15
17.933,37.36,-11.71,39.15
17.967,37.36,-11.70,39.15
18.000,37.35,-11.71,39.15
18.033,37.35,-11.74,39.15
18.067,37.34,-11.75,39.14
18.100,37.26,-11.84,39.09
18.133,37.21,-11.86,39.06
18.167,37.21,-11.89,39.06
18.200,37.15,-11.93,39.02
18.233,37.16,-11.96,39.04
18.267,37.18,-12.00,39.07
18.300,37.19,-12.03,39.09
18.333,37.19,-12.08,39.10
18.367,37.19,-12.11,39.11
18.400,37.20,-12.13,39.13
18.433,37.21,-12.15,39.14
18.467,37.20,-12.14,39.13
18.500,37.19,-12.14,39.12
18.533,37.20,-12.15,39.13
18.567,37.20,-12.16,39.14
18.600,37.21,-12.17,39.15
18.633,37.22,-12.18,39.16
18.667,37.21,-12.17,39.15
18.700,37.22,-12.21,39.17
18.733,37.21,-12.21,39.17
18.767,37.21,-12.21,39.16
18.800,37.21,-12.22,39.17
18.833,37.21,-12.29,39.19
18.867,37.21,-12.33,39.20
18.900,37.21,-12.35,39.20
18.933,37.20,-12.35,39.20
18.967,37.19,-12.36,39.19
19.000,37.19,-12.38,39.19
19.033,37.19,-12.44,39.21
19.067,37.19,-12.45,39.22
19.100,37.19,-12.53,39.24
19.133,37.18,-12.55,39.24
19.167,37.19,-12.61,39.27
19.200,37.18,-12.65,39.27
19.233,37.16,-12.69,39.27
19.267,37.17,-12.76,39.30
19.300,37.15,-12.84,39.30
19.333,37.11,-12.91,39.29
19.367,37.08,-12.92,39.27
19.400,37.02,-12.94,39.22
19.433,36.99,-12.93,39.18
19.467,37.00,-12.93,39.19
19.500,37.00,-12.93,39.19
19.533,37.00,-12.93,39.20
19.567,37.00,-12.93,39.20
19.600,37.00,-12.93,39.20
19.633,37.00,-12.94,39.20
19.667,37.00,-12.94,39.20
19.700,37.00,-12.94,39.20
19.733,37.00,-12.94,39.20
19.767,37.00,-12.93,39.20
19.800,37.01,-12.93,39.20
19.833,37.01,-12.93,39.20
19.867,37.01,-12.93,39.20
19.900,37.01,-12.93,39.21
19.933,37.01,-12.94,39.21
19.967,37.02,-12.94,39.21
20.000,37.01,-12.94,39.21
20.033,37.01,-12.95,39.21
20.067,37.01,-12.95,39.21
20.100,37.01,-12.96,39.21
20.133,37.01,-12.95,39.21
20.167,36.98,-12.95,39.18
20.200,36.90,-13.01,39.12
20.233,36.87,-13.05,39.11
20.267,36.86,-13.10,39.12
20.300,36.78,-13.19,39.07
20.333,36.74,-13.23,39.05
20.367,36.71,-13.26,39.03
20.400,36.60,-13.35,38.96
20.433,36.56,-13.40,38.94
20.467,36.44,-13.49,38.86
20.500,36.42,-13.54,38.85
20.533,36.39,-13.57,38.84
20.567,36.27,-13.65,38.76
20.600,36.30,-13.77,38.82
20.633,36.20,-13.81,38.74
20.667,36.25,-13.91,38.82
20.700,36.19,-14.01,38.81
20.733,36.17,-14.14,38.83
20.767,36.18,-14.20,38.86
20.800,36.11,-14.27,38.82
20.833,36.11,-14.35,38.86
20.867,36.11,-14.39,38.88
20.900,36.07,-14.43,38.85
20.933,36.09,-14.47,38.88
20.967,36.09,-14.56,38.92
21.000,36.15,-14.66,39.01
21.033,36.15,-14.72,39.03
21.067,36.17,-14.78,39.08
21.100,36.22,-14.83,39.13
21.133,36.26,-14.90,39.21
21.167,36.31,-14.99,39.28
21.200,36.35,-15.05,39.34
21.233,36.41,-15.13,39.43
21.267,36.48,-15.20,39.53
21.300,36.49,-15.27,39.55
21.333,36.48,-15.30,39.56
21.367,36.53,-15.38,39.63
21.400,36.55,-15.45,39.68
21.433,36.62,-15.46,39.75
21.467,36.68,-15.54,39.83
21.500,36.73,-15.58,39.90
21.533,36.86,-15.67,40.05
21.567,36.90,-15.69,40.09
21.600,36.93,-15.71,40.13
21.633,36.95,-15.72,40.15
21.667,36.92,-15.75,40.14
21.700,36.91,-15.78,40.14
21.733,36.90,-15.76,40.13
21.767,36.90,-15.76,40.12
21.800,36.90,-15.75,40.12
21.833,36.89,-15.75,40.11
21.867,36.89,-15.75,40.11
21.900,36.88,-15.75,40.11
21.933,36.88,-15.75,40.10
21.967,36.88,-15.75,40.10
22.000,36.88,-15.76,40.10
22.033,36.88,-15.77,40.10
22.067,36.88,-15.76,40.10
22.100,36.88,-15.75,40.10
22.133,36.88,-15.75,40.10
22.167,36.88,-15.75,40.10
22.200,36.88,-15.75,40.10
22.233,36.88,-15.75,40.10
22.267,36.88,-15.75,40.10
22.300,36.89,-15.78,40.12
22.333,36.89,-15.76,40.11
22.367,36.88,-15.76,40.11
22.400,36.88,-15.75,40.10
22.433,36.90,-15.77,40.12
22.467,36.90,-15.77,40.13
22.500,36.90,-15.77,40.13
22.533,36.90,-15.77,40.13
22.567,36.90,-15.77,40.13
22.600,36.91,-15.78,40.14
22.633,36.90,-15.76,40.12
22.667,36.91,-15.74,40.13
22.700,36.92,-15.73,40.13
22.733,36.91,-15.73,40.12
22.767,36.90,-15.74,40.11
22.800,36.87,-15.73,40.09
22.833,36.87,-15.74,40.09
22.867,36.85,-15.73,40.07
22.900,36.86,-15.73,40.08
22.933,36.87,-15.73,40.09
22.967,36.88,-15.72,40.09
23.000,36.89,-15.71,40.10
23.033,36.90,-15.71,40.10
23.067,36.89,-15.72,40.10
23.100,36.89,-15.72,40.10
23.133,36.89,-15.73,40.10
23.167,36.89,-15.73,40.10
23.200,36.89,-15.73,40.10
23.233,36.88,-15.73,40.09
23.267,36.88,-15.73,40.09
23.300,36.88,-15.73,40.09
23.333,36.88,-15.73,40.09
23.367,36.87,-15.74,40.09
23.400,36.87,-15.73,40.09
23.433,36.88,-15.73,40.09
23.467,36.87,-15.73,40.08
23.500,36.87,-15.73,40.09
23.533,36.87,-15.73,40.08
23.567,36.87,-15.73,40.08
23.600,36.87,-15.73,40.09
23.633,36.88,-15.73,40.09
23.667,36.88,-15.73,40.09
23.700,36.88,-15.73,40.09
23.733,36.88,-15.73,40.09
23.767,36.88,-15.73,40.09
23.800,36.88,-15.73,40.09
23.833,36.88,-15.73,40.09
23.867,36.87,-15.74,40.09
23.900,36.87,-15.74,40.09
23.933,36.87,-15.74,40.09
23.967,36.87,-15.75,40.09
24.000,36.87,-15.74,40.09
24.033,36.87,-15.74,40.09
24.067,36.87,-15.74,40.09
24.100,36.88,-15.74,40.09
24.133,36.88,-15.74,40.10
24.167,36.89,-15.74,40.10
24.200,36.88,-15.74,40.10
24.233,36.88,-15.74,40.10
24.267,36.88,-15.74,40.10
24.300,36.88,-15.74,40.10
24.333,36.88,-15.74,40.10
24.367,36.88,-15.74,40.10
24.400,36.88,-15.74,40.10
24.433,36.89,-15.74,40.11
24.467,36.89,-15.74,40.10
24.500,36.88,-15.74,40.10
24.533,36.87,-15.73,40.08
24.567,36.87,-15.73,40.09
24.600,36.87,-15.73,40.09
24.633,36.88,-15.73,40.09
24.667,36.88,-15.73,40.09
24.700,36.86,-15.73,40.08
24.733,36.86,-15.73,40.08
24.767,36.86,-15.73,40.08
24.800,36.86,-15.73,40.08
24.833,36.87,-15.73,40.08
24.867,36.87,-15.73,40.09
24.900,36.87,-15.73,40.09
24.933,36.87,-15.73,40.09
24.967,36.87,-15.73,40.09
25.000,36.88,-15.73,40.09
25.033,36.88,-15.73,40.09
25.067,36.88,-15.73,40.09
25.100,36.88,-15.73,40.09
25.133,36.88,-15.73,40.09
25.167,36.88,-15.73,40.09
25.200,36.88,-15.73,40.09
25.233,36.87,-15.73,40.09
25.267,36.87,-15.73,40.09
25.300,36.88,-15.73,40.09
25.333,36.88,-15.73,40.10
25.367,36.88,-15.73,40.10
25.400,36.88,-15.74,40.10
25.433,36.88,-15.73,40.10
25.467,36.88,-15.74,40.10
25.500,36.88,-15.74,40.10
25.533,36.88,-15.74,40.10
25.567,36.88,-15.74,40.10
25.600,36.88,-15.74,40.10
25.633,36.88,-15.75,40.10
25.667,36.88,-15.75,40.10
25.700,36.88,-15.74,40.10
25.733,36.88,-15.74,40.10
25.767,36.88,-15.73,40.10
25.800,36.88,-15.74,40.10
25.833,36.88,-15.74,40.10
25.867,36.88,-15.74,40.10
25.900,36.88,-15.74,40.10
25.933,36.88,-15.74,40.10
25.967,36.88,-15.74,40.10
26.000,36.88,-15.74,40.10
26.033,36.88,-15.74,40.10
26.067,36.89,-15.74,40.10
26.100,36.89,-15.73,40.10
26.133,36.88,-15.73,40.10
26.167,36.88,-15.72,40.09
26.200,36.88,-15.72,40.09
26.233,36.88,-15.73,40.09
26.267,36.88,-15.73,40.09
26.300,36.88,-15.73,40.09
26.333,36.88,-15.73,40.09
26.367,36.88,-15.73,40.09
26.400,36.86,-15.73,40.08
26.433,36.86,-15.73,40.08
26.467,36.86,-15.74,40.08
26.500,36.86,-15.74,40.08
26.533,36.87,-15.74,40.09
26.567,36.87,-15.72,40.09
26.600,36.88,-15.72,40.09
26.633,36.88,-15.73,40.09
26.667,36.88,-15.73,40.10
26.700,36.89,-15.73,40.10
26.733,36.89,-15.73,40.10
26.767,36.88,-15.73,40.09
26.800,36.88,-15.73,40.09
26.833,36.88,-15.74,40.10
26.867,36.88,-15.74,40.10
26.900,36.88,-15.74,40.10
26.933,36.88,-15.74,40.10
26.967,36.88,-15.75,40.10
27.000,36.88,-15.74,40.10
27.033,36.88,-15.74,40.10
27.067,36.88,-15.74,40.10
27.100,36.88,-15.74,40.10
27.133,36.88,-15.74,40.10
27.167,36.88,-15.74,40.10
27.200,36.88,-15.74,40.10
27.233,36.88,-15.74,40.10
27.267,36.88,-15.74,40.10
27.300,36.88,-15.75,40.10
27.333,36.88,-15.75,40.10
27.367,36.88,-15.75,40.10
27.400,36.87,-15.75,40.10
27.433,36.87,-15.75,40.10
27.467,36.88,-15.75,40.10
27.500,36.88,-15.75,40.10
27.533,36.88,-15.74,40.10
27.567,36.88,-15.74,40.10
27.600,36.88,-15.74,40.10
27.633,36.88,-15.74,40.10
27.667,36.88,-15.74,40.10
27.700,36.88,-15.74,40.10
27.733,36.89,-15.74,40.10
27.767,36.89,-15.74,40.11
27.800,36.89,-15.74,40.11
27.833,36.89,-15.73,40.11
27.867,36.89,-15.73,40.10
27.900,36.88,-15.73,40.10
27.933,36.88,-15.74,40.10
27.967,36.89,-15.73,40.10
28.000,36.89,-15.72,40.10
28.033,36.89,-15.72,40.10
28.067,36.89,-15.72,40.10
28.100,36.89,-15.72,40.10
28.133,36.89,-15.73,40.10
28.167,36.88,-15.73,40.10
28.200,36.88,-15.73,40.10
28.233,36.89,-15.74,40.11
28.267,36.88,-15.73,40.09
28.300,36.89,-15.74,40.10
28.333,36.89,-15.74,40.11
28.367,36.89,-15.74,40.11
28.400,36.90,-15.74,40.11
28.433,36.89,-15.74,40.11
28.467,36.89,-15.74,40.11
28.500,36.89,-15.74,40.11
28.533,36.89,-15.75,40.11
28.567,36.88,-15.76,40.11
28.600,36.88,-15.75,40.11
28.633,36.88,-15.75,40.10
28.667,36.88,-15.75,40.10
28.700,36.88,-15.75,40.10
28.733,36.88,-15.74,40.10
28.767,36.88,-15.74,40.10
28.800,36.88,-15.74,40.10
28.833,36.88,-15.74,40.10
28.867,36.88,-15.74,40.10
28.900,36.88,-15.74,40.10
28.933,36.88,-15.74,40.10
28.967,36.88,-15.74,40.10
29.000,36.88,-15.74,40.10
29.033,36.89,-15.76,40.11
29.067,36.88,-15.76,40.11
29.100,36.88,-15.76,40.11
29.133,36.88,-15.77,40.11
29.167,36.86,-15.76,40.09
29.200,36.84,-15.76,40.07
29.233,36.83,-15.75,40.05
29.267,36.81,-15.75,40.04
29.300,36.84,-15.75,40.06
29.333,36.85,-15.74,40.07
29.367,36.88,-15.74,40.10
29.400,36.88,-15.74,40.10
29.433,36.89,-15.74,40.10
29.467,36.88,-15.74,40.10
29.500,36.88,-15.74,40.10
29.533,36.88,-15.74,40.10
29.567,36.89,-15.74,40.11
29.600,36.89,-15.74,40.11
29.633,36.89,-15.74,40.11
29.667,36.90,-15.73,40.12
29.700,36.89,-15.73,40.10
29.733,36.89,-15.74,40.10
29.767,36.88,-15.74,40.10
29.800,36.88,-15.74,40.10
29.833,36.88,-15.74,40.10
29.867,36.88,-15.74,40.10
29.900,36.89,-15.73,40.10
29.933,36.89,-15.73,40.11
29.967,36.89,-15.71,40.10
30.000,36.89,-15.70,40.09
30.033,36.89,-15.71,40.09
30.067,36.88,-15.72,40.09
30.100,36.88,-15.72,40.09
30.133,36.87,-15.73,40.09
30.167,36.87,-15.73,40.09
30.200,36.88,-15.73,40.09
30.233,36.88,-15.73,40.09
30.267,36.88,-15.73,40.09
30.300,36.88,-15.73,40.09
30.333,36.88,-15.73,40.09
30.367,36.88,-15.73,40.09
30.400,36.88,-15.73,40.09
30.433,36.88,-15.73,40.09
30.467,36.88,-15.73,40.09
30.500,36.88,-15.73,40.09
30.533,36.88,-15.73,40.09
30.567,36.88,-15.73,40.09
30.600,36.88,-15.73,40.09
30.633,36.88,-15.73,40.09
30.667,36.88,-15.73,40.09
30.700,36.88,-15.73,40.09
30.733,36.88,-15.73,40.09
30.767,36.88,-15.73,40.09
30.800,36.88,-15.73,40.09
30.833,36.88,-15.73,40.09
30.867,36.88,-15.73,40.09
30.900,36.88,-15.73,40.10
30.933,36.89,-15.73,40.10
30.967,36.88,-15.73,40.10
31.000,36.88,-15.74,40.10
31.033,36.88,-15.74,40.10
31.067,36.88,-15.74,40.10
31.100,36.88,-15.74,40.10
31.133,36.88,-15.74,40.10
31.167,36.88,-15.74,40.10
31.200,36.88,-15.73,40.10
31.233,36.88,-15.73,40.10
31.267,36.88,-15.73,40.10
31.300,36.88,-15.73,40.10
31.333,36.88,-15.73,40.10
31.367,36.89,-15.73,40.10
31.400,36.89,-15.73,40.10
31.433,36.89,-15.72,40.10
31.467,36.90,-15.72,40.11
31.500,36.90,-15.72,40.11
31.533,36.90,-15.72,40.11
31.567,36.89,-15.74,40.11
31.600,36.88,-15.75,40.10
31.633,36.88,-15.74,40.10
31.667,36.88,-15.74,40.10
31.700,36.87,-15.75,40.10
31.733,36.87,-15.75,40.09
31.767,36.85,-15.76,40.08
31.800,36.86,-15.75,40.09
31.833,36.86,-15.75,40.08
31.867,36.86,-15.75,40.08
31.900,36.86,-15.74,40.09
31.933,36.87,-15.74,40.09
31.967,36.87,-15.74,40.09
32.000,36.87,-15.74,40.09
32.033,36.87,-15.74,40.09
32.067,36.88,-15.74,40.09
32.100,36.88,-15.74,40.10
32.133,36.88,-15.74,40.10
32.167,36.88,-15.73,40.10
32.200,36.88,-15.73,40.10
32.233,36.86,-15.74,40.08
32.267,36.85,-15.74,40.07
32.300,36.85,-15.77,40.08
32.333,36.86,-15.76,40.09
32.367,36.87,-15.75,40.09
32.400,36.87,-15.75,40.09
32.433,36.87,-15.75,40.09
32.467,36.87,-15.75,40.09
32.500,36.87,-15.75,40.09
32.533,36.87,-15.74,40.09
32.567,36.87,-15.76,40.10
32.600,36.88,-15.76,40.11
32.633,36.88,-15.76,40.10
32.667,36.88,-15.75,40.10
32.700,36.88,-15.75,40.10
32.733,36.88,-15.75,40.10
32.767,36.88,-15.75,40.10
32.800,36.88,-15.75,40.10
32.833,36.88,-15.74,40.10
32.867,36.88,-15.75,40.10
32.900,36.88,-15.75,40.10
32.933,36.88,-15.75,40.10
32.967,36.90,-15.75,40.12
33.000,36.90,-15.75,40.12
33.033,36.90,-15.75,40.12
33.067,36.89,-15.75,40.11
33.100,36.89,-15.75,40.11
33.133,36.88,-15.75,40.11
33.167,36.88,-15.75,40.10
33.200,36.88,-15.75,40.10
33.233,36.89,-15.75,40.12
33.267,36.90,-15.75,40.12
33.300,36.90,-15.75,40.12
33.333,36.89,-15.76,40.12
33.367,36.89,-15.75,40.11
33.400,36.89,-15.75,40.11
33.433,36.88,-15.74,40.10
33.467,36.88,-15.74,40.10
33.500,36.89,-15.74,40.11
33.533,36.89,-15.74,40.11
33.567,36.89,-15.74,40.11
33.600,36.89,-15.74,40.11
33.633,36.90,-15.75,40.12
33.667,36.91,-15.75,40.13
33.700,36.93,-15.76,40.15
33.733,36.91,-15.75,40.13
33.767,36.93,-15.74,40.14
33.800,36.94,-15.73,40.15
