0.000,20.50,-79.26,81.87
0.033,20.47,-79.40,81.99
0.067,20.74,-79.55,82.21
0.100,20.85,-80.04,82.71
0.133,20.70,-80.07,82.70
0.167,20.69,-80.21,82.84
0.200,20.78,-80.48,83.12
0.233,20.71,-80.47,83.09
0.267,20.72,-80.58,83.20
0.300,20.72,-80.64,83.26
0.333,20.70,-80.69,83.31
0.367,20.74,-80.86,83.48
0.400,20.77,-80.86,83.48
0.433,20.79,-80.97,83.60
0.467,20.83,-81.00,83.64
0.500,20.82,-81.04,83.67
0.533,20.85,-81.18,83.81
0.567,20.82,-81.15,83.78
0.600,20.86,-81.30,83.93
0.633,20.88,-81.33,83.97
0.667,20.83,-81.34,83.97
0.700,20.91,-81.52,84.16
0.733,20.85,-81.48,84.11
0.767,20.86,-81.56,84.19
0.800,20.91,-81.70,84.33
0.833,20.90,-81.66,84.29
0.867,21.00,-81.78,84.44
0.900,20.96,-81.80,84.45
0.933,20.96,-81.85,84.49
0.967,21.02,-81.93,84.59
1.000,20.98,-81.92,84.56
1.033,21.02,-82.07,84.72
1.067,21.01,-82.10,84.75
1.100,21.01,-82.12,84.77
1.133,21.02,-82.22,84.86
1.167,21.01,-82.21,84.86
1.200,20.99,-82.30,84.93
1.233,20.99,-82.33,84.96
1.267,20.99,-82.31,84.95
1.300,21.03,-82.37,85.01
1.333,20.98,-82.41,85.04
1.367,21.01,-82.43,85.06
1.400,21.00,-82.43,85.06
1.433,21.00,-82.43,85.07
1.467,21.00,-82.43,85.07
1.500,21.00,-82.43,85.07
1.533,20.99,-82.44,85.07
1.567,20.98,-82.44,85.07
1.600,20.98,-82.43,85.05
1.633,20.98,-82.37,85.00
1.667,20.98,-82.36,84.99
1.700,20.97,-82.32,84.95
1.733,20.93,-82.26,84.89
1.767,20.95,-82.23,84.85
1.800,20.95,-82.15,84.78
1.833,20.96,-82.09,84.72
1.867,20.97,-82.08,84.71
1.900,20.93,-81.97,84.60
1.933,20.98,-81.90,84.54
1.967,20.94,-81.78,84.42
2.000,20.94,-81.69,84.34
2.033,20.96,-81.60,84.25
2.067,20.92,-81.47,84.11
2.100,20.93,-81.39,84.04
2.133,20.90,-81.21,83.86
2.167,20.93,-81.12,83.77
2.200,20.94,-80.97,83.63
2.233,20.90,-80.83,83.49
2.267,20.92,-80.72,83.39
2.300,20.89,-80.49,83.15
2.333,20.83,-80.30,82.96
2.367,20.82,-80.20,82.86
2.400,20.77,-79.97,82.63
2.433,20.74,-79.75,82.40
2.467,20.65,-79.35,81.99
2.500,20.55,-79.14,81.76
2.533,20.50,-78.95,81.57
2.567,20.41,-78.61,81.21
2.600,20.20,-77.99,80.56
2.633,20.04,-77.47,80.02
2.667,20.02,-77.26,79.82
2.700,20.03,-77.02,79.58
2.733,19.95,-76.77,79.32
2.767,19.91,-76.44,78.99
2.800,19.87,-76.21,78.76
2.833,19.74,-75.88,78.41
2.867,19.73,-75.76,78.29
2.900,19.69,-75.59,78.12
2.933,19.66,-75.42,77.94
2.967,19.54,-75.06,77.56
3.000,19.46,-74.82,77.31
3.033,19.41,-74.70,77.18
3.067,19.41,-74.49,76.98
3.100,19.40,-74.37,76.86
3.133,19.37,-74.14,76.63
3.167,19.34,-73.97,76.46
3.200,19.29,-73.81,76.29
3.233,19.27,-73.70,76.17
3.267,19.26,-73.66,76.14
3.300,19.25,-73.55,76.03
3.333,19.26,-73.53,76.02
3.367,19.28,-73.52,76.01
3.400,19.31,-73.57,76.06
3.433,19.38,-73.47,75.99
3.467,19.34,-73.41,75.92
3.500,19.34,-73.28,75.79
3.533,19.36,-73.23,75.75
3.567,19.40,-73.25,75.77
3.600,19.43,-73.22,75.75
3.633,19.51,-73.32,75.87
3.667,19.51,-73.27,75.82
3.700,19.53,-73.22,75.78
3.733,19.56,-73.24,75.81
3.767,19.53,-73.18,75.74
3.800,19.54,-73.19,75.75
3.833,19.54,-73.20,75.76
3.867,19.55,-73.20,75.76
3.900,19.56,-73.20,75.77
3.933,19.55,-73.19,75.76
3.967,19.57,-73.20,75.77
4.000,19.60,-73.22,75.80
4.033,19.62,-73.24,75.82
4.067,19.65,-73.43,76.01
4.100,19.66,-73.42,76.01
4.133,19.65,-73.50,76.08
4.167,19.66,-73.56,76.14
4.200,19.67,-73.55,76.14
4.233,19.76,-73.64,76.24
4.267,19.72,-73.65,76.24
4.300,19.71,-73.73,76.32
4.333,19.70,-73.74,76.33
4.367,19.70,-73.75,76.33
4.400,19.74,-73.87,76.47
4.433,19.70,-73.82,76.41
4.467,19.73,-73.92,76.51
4.500,19.74,-73.95,76.54
4.533,19.72,-73.99,76.58
4.567,19.76,-74.11,76.70
4.600,19.74,-74.13,76.71
4.633,19.73,-74.21,76.79
4.667,19.72,-74.24,76.82
4.700,19.73,-74.28,76.86
4.733,19.72,-74.39,76.96
4.767,19.73,-74.43,77.00
4.800,19.73,-74.51,77.08
4.833,19.72,-74.57,77.13
4.867,19.74,-74.60,77.17
4.900,19.72,-74.68,77.24
4.933,19.72,-74.69,77.25
4.967,19.75,-74.78,77.34
5.000,19.74,-74.83,77.39
5.033,19.74,-74.87,77.43
5.067,19.74,-74.93,77.48
5.100,19.74,-74.95,77.51
5.133,19.74,-75.05,77.60
5.167,19.75,-75.06,77.62
5.200,19.74,-75.11,77.66
5.233,19.73,-75.15,77.69
5.267,19.72,-75.17,77.71
5.300,19.74,-75.21,77.76
5.333,19.74,-75.25,77.79
5.367,19.74,-75.27,77.82
5.400,19.73,-75.31,77.85
5.433,19.73,-75.32,77.86
5.467,19.73,-75.34,77.88
5.500,19.73,-75.35,77.89
5.533,19.75,-75.38,77.93
5.567,19.74,-75.41,77.95
5.600,19.74,-75.44,77.98
5.633,19.74,-75.46,78.00
5.667,19.73,-75.47,78.01
5.700,19.73,-75.49,78.02
5.733,19.73,-75.48,78.02
5.767,19.73,-75.50,78.03
5.800,19.72,-75.49,78.02
5.833,19.72,-75.48,78.01
5.867,19.72,-75.48,78.02
5.900,19.72,-75.49,78.02
5.933,19.72,-75.48,78.01
5.967,19.72,-75.51,78.04
6.000,19.72,-75.50,78.03
6.033,19.72,-75.49,78.02
6.067,19.72,-75.48,78.01
6.100,19.72,-75.47,78.01
6.133,19.72,-75.47,78.01
6.167,19.72,-75.47,78.01
6.200,19.72,-75.47,78.00
6.233,19.72,-75.47,78.00
6.267,19.73,-75.47,78.01
6.300,19.73,-75.47,78.01
6.333,19.73,-75.47,78.01
6.367,19.73,-75.47,78.00
6.400,19.73,-75.47,78.00
6.433,19.73,-75.46,78.00
6.467,19.73,-75.46,78.00
6.500,19.73,-75.46,78.00
6.533,19.73,-75.46,78.00
6.567,19.73,-75.46,78.00
6.600,19.73,-75.46,78.00
6.633,19.73,-75.46,78.00
6.667,19.74,-75.47,78.00
6.700,19.73,-75.47,78.00
6.733,19.73,-75.46,78.00
6.767,19.73,-75.46,78.00
6.800,19.74,-75.46,78.00
6.833,19.74,-75.46,78.00
6.867,19.74,-75.46,78.00
6.900,19.74,-75.46,78.00
6.933,19.73,-75.46,78.00
6.967,19.73,-75.46,78.00
7.000,19.73,-75.46,78.00
7.033,19.73,-75.46,78.00
7.067,19.73,-75.48,78.01
7.100,19.73,-75.49,78.02
7.133,19.73,-75.48,78.02
7.167,19.73,-75.45,77.98
7.200,19.73,-75.46,77.99
7.233,19.73,-75.46,78.00
7.267,19.73,-75.46,78.00
7.300,19.73,-75.46,78.00
7.333,19.73,-75.47,78.01
7.367,19.73,-75.48,78.01
7.400,19.73,-75.47,78.01
7.433,19.73,-75.47,78.01
7.467,19.73,-75.47,78.01
7.500,19.73,-75.47,78.01
7.533,19.73,-75.47,78.00
7.567,19.73,-75.47,78.00
7.600,19.73,-75.47,78.00
7.633,19.73,-75.47,78.00
7.667,19.73,-75.47,78.00
7.700,19.73,-75.47,78.00
7.733,19.73,-75.46,78.00
7.767,19.73,-75.47,78.00
7.800,19.73,-75.47,78.00
7.833,19.73,-75.46,78.00
7.867,19.73,-75.47,78.00
7.900,19.73,-75.47,78.00
7.933,19.73,-75.46,78.00
7.967,19.73,-75.46,78.00
8.000,19.73,-75.46,78.00
8.033,19.73,-75.46,78.00
8.067,19.73,-75.46,78.00
8.100,19.73,-75.46,78.00
8.133,19.73,-75.46,78.00
8.167,19.73,-75.46,78.00
8.200,19.73,-75.46,78.00
8.233,19.73,-75.46,78.00
8.267,19.73,-75.46,78.00
8.300,19.73,-75.46,78.00
8.333,19.72,-75.46,77.99
8.367,19.72,-75.46,77.99
8.400,19.72,-75.46,77.99
8.433,19.72,-75.46,77.99
8.467,19.72,-75.46,77.99
8.500,19.73,-75.46,77.99
8.533,19.73,-75.46,77.99
8.567,19.73,-75.46,77.99
8.600,19.73,-75.46,77.99
8.633,19.73,-75.45,77.99
8.667,19.73,-75.45,77.99
8.700,19.73,-75.45,77.99
8.733,19.73,-75.45,77.99
8.767,19.73,-75.45,77.99
8.800,19.72,-75.45,77.98
8.833,19.72,-75.45,77.99
8.867,19.72,-75.45,77.98
8.900,19.72,-75.45,77.99
8.933,19.72,-75.45,77.99
8.967,19.72,-75.45,77.99
9.000,19.72,-75.45,77.98
9.033,19.72,-75.46,77.99
9.067,19.72,-75.45,77.99
9.100,19.72,-75.45,77.99
9.133,19.72,-75.45,77.98
9.167,19.72,-75.45,77.99
9.200,19.72,-75.45,77.99
9.233,19.72,-75.45,77.99
9.267,19.72,-75.45,77.98
9.300,19.72,-75.45,77.98
9.333,19.72,-75.45,77.98
9.367,19.72,-75.45,77.98
9.400,19.72,-75.45,77.98
9.433,19.72,-75.45,77.98
9.467,19.72,-75.45,77.99
9.500,19.72,-75.45,77.99
9.533,19.72,-75.45,77.99
9.567,19.73,-75.45,77.99
9.600,19.73,-75.46,77.99
9.633,19.73,-75.45,77.99
9.667,19.73,-75.45,77.99
9.700,19.73,-75.45,77.99
9.733,19.73,-75.45,77.99
9.767,19.73,-75.45,77.99
9.800,19.73,-75.45,77.99
9.833,19.73,-75.45,77.99
9.867,19.73,-75.45,77.99
9.900,19.73,-75.45,77.99
9.933,19.73,-75.45,77.99
9.967,19.73,-75.45,77.99
10.000,19.73,-75.45,77.99
10.033,19.73,-75.45,77.99
10.067,19.73,-75.45,77.99
10.100,19.73,-75.45,77.99
10.133,19.73,-75.45,77.99
10.167,19.73,-75.45,77.99
10.200,19.73,-75.45,77.99
10.233,19.73,-75.46,77.99
10.267,19.73,-75.46,78.00
10.300,19.73,-75.46,78.00
10.333,19.72,-75.46,77.99
10.367,19.73,-75.46,77.99
10.400,19.73,-75.46,77.99
10.433,19.73,-75.46,77.99
10.467,19.73,-75.46,77.99
10.500,19.73,-75.46,77.99
10.533,19.73,-75.46,77.99
10.567,19.73,-75.46,77.99
10.600,19.73,-75.46,77.99
10.633,19.73,-75.45,77.99
10.667,19.73,-75.44,77.98
10.700,19.73,-75.44,77.98
10.733,19.73,-75.44,77.97
10.767,19.73,-75.44,77.98
10.800,19.73,-75.44,77.98
10.833,19.73,-75.44,77.98
10.867,19.72,-75.44,77.98
10.900,19.73,-75.45,77.98
10.933,19.73,-75.45,77.98
10.967,19.73,-75.45,77.99
11.000,19.73,-75.45,77.99
11.033,19.73,-75.45,77.99
11.067,19.73,-75.45,77.99
11.100,19.73,-75.45,77.99
11.133,19.73,-75.45,77.99
11.167,19.73,-75.45,77.99
11.200,19.73,-75.45,77.99
11.233,19.73,-75.45,77.98
11.267,19.73,-75.45,77.99
11.300,19.73,-75.45,77.99
11.333,19.73,-75.45,77.99
11.367,19.73,-75.45,77.99
11.400,19.73,-75.45,77.99
11.433,19.73,-75.45,77.99
11.467,19.73,-75.45,77.99
11.500,19.73,-75.45,77.99
11.533,19.73,-75.45,77.99
11.567,19.73,-75.45,77.99
11.600,19.73,-75.45,77.99
11.633,19.73,-75.45,77.99
11.667,19.72,-75.45,77.99
11.700,19.73,-75.45,77.99
11.733,19.72,-75.45,77.99
11.767,19.72,-75.45,77.99
11.800,19.72,-75.45,77.98
11.833,19.72,-75.45,77.99
11.867,19.72,-75.45,77.99
11.900,19.72,-75.45,77.99
11.933,19.72,-75.45,77.98
11.967,19.72,-75.45,77.98
12.000,19.72,-75.45,77.99
12.033,19.72,-75.45,77.99
12.067,19.71,-75.45,77.98
12.100,19.71,-75.46,77.99
12.133,19.71,-75.46,77.99
12.167,19.69,-75.46,77.99
12.200,19.70,-75.46,77.98
12.233,19.70,-75.47,78.00
12.267,19.71,-75.46,77.99
12.300,19.71,-75.47,78.00
12.333,19.71,-75.47,78.00
12.367,19.71,-75.46,77.99
12.400,19.71,-75.46,77.99
12.433,19.71,-75.45,77.99
12.467,19.71,-75.45,77.98
12.500,19.71,-75.45,77.98
12.533,19.71,-75.45,77.98
12.567,19.70,-75.45,77.98
12.600,19.70,-75.45,77.98
12.633,19.70,-75.46,77.99
12.667,19.70,-75.47,78.00
12.700,19.69,-75.48,78.01
12.733,19.70,-75.48,78.00
12.767,19.70,-75.48,78.01
12.800,19.70,-75.47,78.00
12.833,19.71,-75.47,78.00
12.867,19.71,-75.47,78.00
12.900,19.71,-75.47,78.00
12.933,19.71,-75.47,78.00
12.967,19.71,-75.47,78.00
13.000,19.71,-75.47,78.00
13.033,19.71,-75.46,78.00
13.067,19.71,-75.47,78.00
13.100,19.71,-75.47,78.00
13.133,19.71,-75.47,78.00
13.167,19.71,-75.46,77.99
13.200,19.71,-75.47,78.00
13.233,19.71,-75.47,78.00
13.267,19.71,-75.47,78.00
13.300,19.71,-75.48,78.01
13.333,19.71,-75.48,78.01
13.367,19.71,-75.48,78.02
13.400,19.71,-75.49,78.02
13.433,19.71,-75.48,78.01
13.467,19.71,-75.47,78.00
13.500,19.71,-75.46,77.99
13.533,19.71,-75.46,77.99
13.567,19.71,-75.46,77.99
13.600,19.71,-75.46,77.99
13.633,19.71,-75.46,77.99
13.667,19.71,-75.46,77.99
13.700,19.73,-75.45,77.98
13.733,19.72,-75.46,77.99
13.767,19.73,-75.45,77.99
13.800,19.72,-75.45,77.99
13.833,19.72,-75.46,77.99
13.867,19.72,-75.46,77.99
13.900,19.72,-75.46,77.99
13.933,19.72,-75.46,77.99
13.967,19.72,-75.46,77.99
14.000,19.72,-75.46,77.99
14.033,19.72,-75.46,77.99
14.067,19.72,-75.46,77.99
14.100,19.72,-75.45,77.99
14.133,19.72,-75.45,77.98
14.167,19.72,-75.45,77.98
14.200,19.72,-75.45,77.98
14.233,19.72,-75.45,77.98
14.267,19.72,-75.45,77.99
14.300,19.72,-75.45,77.99
14.333,19.72,-75.45,77.99
14.367,19.71,-75.47,78.00
14.400,19.71,-75.46,78.00
14.433,19.71,-75.46,77.99
14.467,19.71,-75.46,77.99
14.500,19.71,-75.46,77.99
14.533,19.71,-75.46,77.99
14.567,19.71,-75.46,77.99
14.600,19.72,-75.46,77.99
14.633,19.72,-75.45,77.99
14.667,19.72,-75.45,77.99
14.700,19.72,-75.45,77.99
14.733,19.72,-75.46,77.99
14.767,19.72,-75.45,77.98
14.800,19.72,-75.46,77.99
14.833,19.72,-75.46,77.99
14.867,19.72,-75.46,77.99
14.900,19.72,-75.46,77.99
14.933,19.72,-75.46,78.00
14.967,19.72,-75.46,78.00
15.000,19.72,-75.46,78.00
15.033,19.72,-75.46,77.99
15.067,19.72,-75.46,77.99
15.100,19.72,-75.46,77.99
15.133,19.72,-75.46,77.99
15.167,19.72,-75.46,78.00
15.200,19.72,-75.46,78.00
15.233,19.72,-75.46,78.00
15.267,19.72,-75.46,78.00
15.300,19.72,-75.46,78.00
15.333,19.72,-75.46,78.00
15.367,19.72,-75.46,77.99
15.400,19.72,-75.46,77.99
15.433,19.72,-75.46,78.00
15.467,19.72,-75.46,77.99
15.500,19.72,-75.46,77.99
15.533,19.72,-75.45,77.99
15.567,19.72,-75.45,77.99
15.600,19.72,-75.46,77.99
15.633,19.72,-75.46,77.99
15.667,19.72,-75.46,77.99
15.700,19.72,-75.46,77.99
15.733,19.72,-75.46,77.99
15.767,19.72,-75.45,77.99
15.800,19.72,-75.46,77.99
15.833,19.72,-75.45,77.99
15.867,19.73,-75.45,77.99
15.900,19.73,-75.45,77.99
15.933,19.73,-75.45,77.99
15.967,19.73,-75.45,77.98
16.000,19.74,-75.44,77.98
16.033,19.74,-75.44,77.98
16.067,19.73,-75.44,77.98
16.100,19.74,-75.44,77.98
16.133,19.74,-75.44,77.98
16.167,19.74,-75.44,77.98
16.200,19.74,-75.44,77.98
16.233,19.74,-75.45,77.99
16.267,19.74,-75.45,77.99
16.300,19.73,-75.45,77.99
16.333,19.73,-75.45,77.99
16.367,19.73,-75.46,77.99
16.400,19.73,-75.45,77.99
16.433,19.74,-75.45,77.99
16.467,19.74,-75.45,77.99
16.500,19.73,-75.46,78.00
16.533,19.73,-75.46,78.00
16.567,19.73,-75.46,77.99
16.600,19.73,-75.46,77.99
16.633,19.73,-75.46,77.99
16.667,19.73,-75.47,78.00
16.700,19.73,-75.46,78.00
16.733,19.72,-75.46,78.00
16.767,19.72,-75.46,77.99
16.800,19.72,-75.46,77.99
16.833,19.71,-75.48,78.01
16.867,19.72,-75.48,78.01
16.900,19.72,-75.47,78.00
16.933,19.72,-75.47,78.00
16.967,19.72,-75.47,78.00
17.000,19.72,-75.47,78.00
17.033,19.72,-75.47,78.00
17.067,19.71,-75.47,78.00
17.100,19.71,-75.47,78.00
17.133,19.71,-75.47,78.00
17.167,19.71,-75.47,78.00
17.200,19.72,-75.47,78.00
17.233,19.72,-75.48,78.01
17.267,19.72,-75.46,78.00
17.300,19.72,-75.50,78.03
17.333,19.72,-75.45,77.99
17.367,19.72,-75.46,77.99
17.400,19.72,-75.46,77.99
17.433,19.72,-75.46,77.99
17.467,19.72,-75.46,77.99
17.500,19.73,-75.46,78.00
17.533,19.73,-75.46,78.00
17.567,19.73,-75.47,78.00
17.600,19.73,-75.47,78.00
17.633,19.73,-75.47,78.00
17.667,19.73,-75.47,78.00
17.700,19.73,-75.46,78.00
17.733,19.73,-75.47,78.00
17.767,19.73,-75.47,78.00
17.800,19.73,-75.47,78.00
17.833,19.73,-75.47,78.00
17.867,19.72,-75.48,78.01
17.900,19.72,-75.47,78.01
17.933,19.72,-75.47,78.00
17.967,19.72,-75.47,78.00
18.000,19.72,-75.47,78.00
18.033,19.72,-75.46,77.99
18.067,19.72,-75.46,77.99
18.100,19.72,-75.45,77.99
18.133,19.72,-75.46,77.99
18.167,19.72,-75.46,77.99
18.200,19.71,-75.46,77.99
18.233,19.71,-75.46,77.99
18.267,19.71,-75.46,77.99
18.300,19.71,-75.46,78.00
18.333,19.71,-75.46,78.00
18.367,19.72,-75.46,78.00
18.400,19.72,-75.47,78.00
18.433,19.72,-75.47,78.00
18.467,19.72,-75.47,78.00
18.500,19.72,-75.47,78.00
18.533,19.72,-75.46,78.00
18.567,19.72,-75.46,78.00
18.600,19.72,-75.46,78.00
18.633,19.72,-75.46,78.00
18.667,19.72,-75.46,78.00
18.700,19.72,-75.46,78.00
18.733,19.72,-75.46,77.99
18.767,19.72,-75.46,78.00
18.800,19.72,-75.46,78.00
18.833,19.72,-75.46,78.00
18.867,19.72,-75.46,77.99
18.900,19.72,-75.46,77.99
18.933,19.72,-75.46,77.99
18.967,19.72,-75.46,78.00
19.000,19.73,-75.46,78.00
19.033,19.73,-75.46,78.00
19.067,19.73,-75.46,78.00
19.100,19.73,-75.46,78.00
19.133,19.73,-75.46,78.00
19.167,19.73,-75.46,78.00
19.200,19.73,-75.46,77.99
19.233,19.73,-75.46,77.99
19.267,19.73,-75.46,77.99
19.300,19.73,-75.46,77.99
19.333,19.73,-75.46,78.00
19.367,19.73,-75.46,78.00
19.400,19.73,-75.46,78.00
19.433,19.73,-75.46,78.00
19.467,19.73,-75.46,78.00
19.500,19.73,-75.46,78.00
19.533,19.73,-75.46,78.00
19.567,19.73,-75.46,78.00
19.600,19.73,-75.46,77.99
19.633,19.73,-75.45,77.99
19.667,19.73,-75.45,77.99
19.700,19.72,-75.45,77.99
19.733,19.72,-75.45,77.99
19.767,19.72,-75.45,77.99
19.800,19.72,-75.45,77.99
19.833,19.72,-75.45,77.99
19.867,19.73,-75.45,77.99
19.900,19.72,-75.45,77.99
19.933,19.72,-75.46,77.99
19.967,19.72,-75.46,77.99
20.000,19.72,-75.46,78.00
20.033,19.72,-75.47,78.00
20.067,19.72,-75.47,78.00
20.100,19.72,-75.47,78.00
20.133,19.72,-75.47,78.00
20.167,19.72,-75.46,78.00
20.200,19.72,-75.46,78.00
20.233,19.72,-75.46,78.00
20.267,19.72,-75.46,78.00
20.300,19.72,-75.47,78.00
20.333,19.72,-75.47,78.00
20.367,19.72,-75.46,78.00
20.400,19.72,-75.46,78.00
20.433,19.72,-75.46,78.00
20.467,19.72,-75.46,78.00
20.500,19.72,-75.46,78.00
20.533,19.72,-75.46,77.99
20.567,19.72,-75.46,77.99
20.600,19.72,-75.46,77.99
20.633,19.72,-75.46,77.99
20.667,19.72,-75.46,77.99
20.700,19.72,-75.46,77.99
20.733,19.72,-75.46,78.00
20.767,19.72,-75.46,78.00
20.800,19.72,-75.47,78.00
20.833,19.72,-75.47,78.00
20.867,19.72,-75.47,78.00
20.900,19.72,-75.47,78.00
20.933,19.71,-75.47,78.00
20.967,19.71,-75.47,78.00
21.000,19.71,-75.47,78.00
21.033,19.72,-75.47,78.00
21.067,19.71,-75.48,78.01
21.100,19.71,-75.47,78.00
21.133,19.71,-75.47,78.00
21.167,19.71,-75.47,78.01
21.200,19.71,-75.47,78.00
21.233,19.71,-75.47,78.01
21.267,19.71,-75.48,78.01
21.300,19.71,-75.48,78.01
21.333,19.72,-75.45,77.99
21.367,19.72,-75.47,78.00
21.400,19.72,-75.46,78.00
21.433,19.72,-75.46,77.99
21.467,19.72,-75.46,78.00
21.500,19.72,-75.47,78.00
21.533,19.72,-75.47,78.00
21.567,19.72,-75.47,78.00
21.600,19.72,-75.47,78.00
21.633,19.72,-75.46,78.00
21.667,19.72,-75.46,78.00
21.700,19.72,-75.46,78.00
21.733,19.72,-75.47,78.00
21.767,19.72,-75.47,78.00
21.800,19.72,-75.47,78.00
21.833,19.72,-75.47,78.00
21.867,19.72,-75.46,78.00
21.900,19.72,-75.46,78.00
21.933,19.72,-75.47,78.00
21.967,19.72,-75.46,78.00
22.000,19.72,-75.46,78.00
22.033,19.73,-75.46,78.00
22.067,19.73,-75.46,78.00
22.100,19.73,-75.46,78.00
22.133,19.73,-75.46,78.00
22.167,19.73,-75.46,78.00
22.200,19.73,-75.46,77.99
22.233,19.73,-75.45,77.99
22.267,19.73,-75.46,78.00
22.300,19.73,-75.46,78.00
22.333,19.73,-75.46,78.00
22.367,19.73,-75.46,78.00
22.400,19.73,-75.45,77.99
22.433,19.73,-75.45,77.99
22.467,19.73,-75.45,77.99
22.500,19.73,-75.46,77.99
22.533,19.73,-75.46,77.99
22.567,19.73,-75.46,77.99
22.600,19.73,-75.46,77.99
22.633,19.73,-75.46,77.99
22.667,19.73,-75.46,77.99
22.700,19.73,-75.46,77.99
22.733,19.73,-75.46,77.99
22.767,19.73,-75.45,77.99
22.800,19.73,-75.46,78.00
22.833,19.73,-75.46,78.00
22.867,19.73,-75.46,78.00
22.900,19.72,-75.47,78.00
22.933,19.72,-75.46,78.00
22.967,19.72,-75.47,78.00
23.000,19.72,-75.46,78.00
23.033,19.72,-75.46,78.00
23.067,19.72,-75.46,78.00
23.100,19.72,-75.46,78.00
23.133,19.72,-75.46,78.00
23.167,19.72,-75.46,78.00
23.200,19.72,-75.46,77.99
23.233,19.72,-75.46,77.99
23.267,19.72,-75.46,77.99
23.300,19.72,-75.46,77.99
23.333,19.72,-75.46,78.00
23.367,19.72,-75.46,77.99
23.400,19.72,-75.46,77.99
23.433,19.72,-75.46,77.99
23.467,19.72,-75.46,77.99
23.500,19.72,-75.46,77.99
23.533,19.72,-75.46,77.99
23.567,19.72,-75.46,77.99
23.600,19.72,-75.46,77.99
23.633,19.72,-75.46,77.99
23.667,19.72,-75.46,77.99
23.700,19.72,-75.46,77.99
23.733,19.72,-75.46,77.99
23.767,19.72,-75.46,77.99
23.800,19.72,-75.46,77.99
23.833,19.72,-75.46,77.99
23.867,19.72,-75.47,78.00
23.900,19.72,-75.47,78.00
23.933,19.72,-75.47,78.00
23.967,19.72,-75.47,78.00
24.000,19.72,-75.47,78.00
24.033,19.72,-75.47,78.00
24.067,19.72,-75.47,78.00
24.100,19.72,-75.47,78.00
24.133,19.72,-75.47,78.00
24.167,19.72,-75.47,78.00
24.200,19.72,-75.46,78.00
24.233,19.72,-75.46,78.00
24.267,19.72,-75.46,78.00
24.300,19.72,-75.46,78.00
24.333,19.72,-75.46,78.00
24.367,19.72,-75.46,78.00
24.400,19.72,-75.46,77.99
24.433,19.72,-75.46,77.99
24.467,19.72,-75.45,77.99
24.500,19.72,-75.45,77.99
24.533,19.72,-75.46,78.00
24.567,19.72,-75.46,78.00
24.600,19.73,-75.46,78.00
24.633,19.73,-75.46,78.00
24.667,19.72,-75.46,78.00
24.700,19.72,-75.46,77.99
24.733,19.72,-75.46,77.99
24.767,19.72,-75.46,77.99
24.800,19.72,-75.46,77.99
24.833,19.72,-75.46,77.99
24.867,19.72,-75.46,77.99
24.900,19.72,-75.46,77.99
24.933,19.72,-75.46,77.99
24.967,19.72,-75.46,77.99
25.000,19.72,-75.47,78.01
25.033,19.72,-75.47,78.00
25.067,19.72,-75.47,78.00
25.100,19.72,-75.46,78.00
25.133,19.72,-75.46,78.00
25.167,19.72,-75.47,78.00
25.200,19.72,-75.47,78.00
25.233,19.72,-75.48,78.01
25.267,19.72,-75.48,78.01
25.300,19.72,-75.47,78.00
25.333,19.72,-75.47,78.00
25.367,19.72,-75.47,78.00
25.400,19.72,-75.47,78.00
25.433,19.72,-75.47,78.00
25.467,19.72,-75.46,78.00
25.500,19.72,-75.46,77.99
25.533,19.72,-75.46,77.99
25.567,19.72,-75.46,77.99
25.600,19.71,-75.46,77.99
25.633,19.71,-75.46,77.99
25.667,19.71,-75.46,77.99
25.700,19.71,-75.46,77.99
25.733,19.72,-75.46,78.00
25.767,19.72,-75.46,78.00
25.800,19.72,-75.46,77.99
25.833,19.72,-75.46,77.99
25.867,19.72,-75.46,77.99
25.900,19.72,-75.46,77.99
25.933,19.72,-75.46,77.99
25.967,19.72,-75.46,78.00
26.000,19.72,-75.46,78.00
26.033,19.72,-75.46,77.99
26.067,19.72,-75.46,77.99
26.100,19.72,-75.45,77.99
26.133,19.72,-75.45,77.99
26.167,19.72,-75.45,77.99
26.200,19.72,-75.45,77.98
26.233,19.72,-75.45,77.99
26.267,19.72,-75.45,77.99
26.300,19.72,-75.46,77.99
26.333,19.72,-75.46,77.99
26.367,19.72,-75.46,77.99
26.400,19.72,-75.46,77.99
26.433,19.72,-75.46,78.00
26.467,19.72,-75.46,78.00
26.500,19.72,-75.46,78.00
26.533,19.72,-75.46,78.00
26.567,19.72,-75.46,78.00
26.600,19.72,-75.46,78.00
26.633,19.72,-75.46,78.00
26.667,19.72,-75.47,78.00
26.700,19.72,-75.47,78.01
26.733,19.72,-75.47,78.00
26.767,19.72,-75.47,78.00
26.800,19.72,-75.47,78.00
26.833,19.72,-75.47,78.00
26.867,19.72,-75.47,78.00
26.900,19.72,-75.46,78.00
26.933,19.72,-75.46,77.99
26.967,19.71,-75.46,77.99
27.000,19.71,-75.46,77.99
27.033,19.72,-75.45,77.98
27.067,19.72,-75.45,77.98
27.100,19.73,-75.45,77.99
27.133,19.72,-75.45,77.99
27.167,19.72,-75.45,77.99
27.200,19.72,-75.45,77.99
27.233,19.72,-75.45,77.99
27.267,19.72,-75.46,77.99
27.300,19.72,-75.45,77.99
27.333,19.73,-75.46,77.99
27.367,19.72,-75.46,77.99
27.400,19.72,-75.46,77.99
27.433,19.72,-75.46,77.99
27.467,19.72,-75.45,77.99
27.500,19.73,-75.45,77.99
27.533,19.72,-75.45,77.99
27.567,19.73,-75.46,77.99
27.600,19.73,-75.46,77.99
27.633,19.72,-75.46,77.99
27.667,19.72,-75.46,77.99
27.700,19.72,-75.46,77.99
27.733,19.72,-75.46,78.00
27.767,19.72,-75.47,78.00
27.800,19.72,-75.47,78.00
27.833,19.72,-75.47,78.00
27.867,19.71,-75.47,78.00
27.900,19.71,-75.47,78.00
27.933,19.71,-75.46,78.00
27.967,19.71,-75.47,78.00
28.000,19.71,-75.47,78.00
28.033,19.72,-75.47,78.00
28.067,19.71,-75.47,78.00
28.100,19.71,-75.47,78.00
28.133,19.71,-75.47,78.00
28.167,19.71,-75.47,78.00
28.200,19.71,-75.46,78.00
28.233,19.71,-75.47,78.00
28.267,19.71,-75.46,78.00
28.300,19.71,-75.47,78.00
28.333,19.71,-75.47,78.00
28.367,19.71,-75.47,78.00
28.400,19.72,-75.46,78.00
28.433,19.72,-75.46,78.00
28.467,19.72,-75.46,78.00
28.500,19.72,-75.46,78.00
28.533,19.72,-75.46,77.99
28.567,19.72,-75.46,77.99
28.600,19.72,-75.46,78.00
28.633,19.72,-75.46,77.99
28.667,19.72,-75.46,77.99
28.700,19.72,-75.46,77.99
28.733,19.72,-75.46,78.00
28.767,19.72,-75.46,78.00
28.800,19.73,-75.46,78.00
28.833,19.73,-75.46,78.00
28.867,19.73,-75.46,78.00
28.900,19.73,-75.46,77.99
28.933,19.73,-75.46,77.99
28.967,19.73,-75.46,77.99
29.000,19.73,-75.46,77.99
29.033,19.73,-75.46,77.99
29.067,19.73,-75.46,77.99
29.100,19.73,-75.46,77.99
29.133,19.73,-75.46,77.99
29.167,19.73,-75.46,78.00
29.200,19.73,-75.46,78.00
29.233,19.73,-75.46,78.00
29.267,19.73,-75.46,78.00
29.300,19.73,-75.46,78.00
29.333,19.72,-75.46,78.00
29.367,19.72,-75.46,78.00
29.400,19.72,-75.46,78.00
29.433,19.72,-75.48,78.02
29.467,19.72,-75.48,78.01
29.500,19.72,-75.47,78.01
29.533,19.72,-75.47,78.00
29.567,19.72,-75.46,77.99
29.600,19.72,-75.45,77.99
29.633,19.72,-75.45,77.99
29.667,19.72,-75.46,77.99
29.700,19.72,-75.46,77.99
29.733,19.72,-75.46,77.99
29.767,19.72,-75.46,77.99
29.800,19.72,-75.46,77.99
29.833,19.72,-75.46,78.00
29.867,19.72,-75.47,78.00
29.900,19.72,-75.47,78.00
29.933,19.72,-75.47,78.00
29.967,19.72,-75.46,78.00
30.000,19.39,-74.19,76.68
