0.000,-42.42,3.606,42.58
0.033,-42.50,3.618,42.65
0.067,-42.18,3.380,42.31
0.100,-42.45,3.190,42.57
0.133,-42.45,3.100,42.57
0.167,-42.30,2.911,42.40
0.200,-42.41,2.836,42.51
0.233,-42.42,2.728,42.51
0.267,-42.37,2.612,42.45
0.300,-42.44,2.644,42.52
0.333,-42.40,2.486,42.47
0.367,-42.39,2.450,42.46
0.400,-42.40,2.460,42.47
0.433,-42.34,2.288,42.40
0.467,-42.37,2.286,42.43
0.500,-42.42,2.250,42.48
0.533,-42.42,2.070,42.47
0.567,-42.41,2.142,42.46
0.600,-42.34,1.997,42.39
0.633,-42.34,1.989,42.39
0.667,-42.35,1.964,42.40
0.700,-42.27,1.803,42.31
0.733,-42.34,1.858,42.38
0.767,-42.33,1.749,42.37
0.800,-42.26,1.635,42.29
0.833,-42.32,1.693,42.35
0.867,-42.26,1.496,42.29
0.900,-42.29,1.543,42.32
0.933,-42.26,1.501,42.29
0.967,-42.23,1.354,42.25
1.000,-42.36,1.414,42.38
1.033,-42.34,1.269,42.36
1.067,-42.32,1.255,42.34
1.100,-42.29,1.208,42.31
1.133,-42.27,1.080,42.29
1.167,-42.27,1.159,42.29
1.200,-42.26,1.050,42.27
1.233,-42.24,1.013,42.25
1.267,-42.31,1.064,42.32
1.300,-42.31,0.978,42.32
1.333,-42.23,1.005,42.24
1.367,-42.31,0.977,42.32
1.400,-42.30,0.956,42.31
1.433,-42.29,0.942,42.31
1.467,-42.28,0.933,42.29
1.500,-42.27,0.927,42.28
1.533,-42.27,0.922,42.28
1.567,-42.27,0.919,42.28
1.600,-42.29,0.956,42.31
1.633,-42.23,0.986,42.24
1.667,-42.24,1.007,42.25
1.700,-42.25,1.093,42.27
1.733,-42.28,1.130,42.30
1.767,-42.23,1.194,42.25
1.800,-42.27,1.259,42.29
1.833,-42.22,1.312,42.24
1.867,-42.28,1.409,42.30
1.900,-42.23,1.483,42.25
1.933,-42.28,1.571,42.31
1.967,-42.28,1.712,42.32
2.000,-42.30,1.752,42.34
2.033,-42.26,1.869,42.30
2.067,-42.23,2.002,42.27
2.100,-42.29,2.084,42.34
2.133,-42.31,2.233,42.37
2.167,-42.25,2.301,42.31
2.200,-42.25,2.470,42.33
2.233,-42.26,2.635,42.34
2.267,-42.23,2.759,42.32
2.300,-42.27,2.965,42.37
2.333,-42.27,3.125,42.38
2.367,-42.21,3.242,42.33
2.400,-42.25,3.451,42.39
2.433,-42.25,3.608,42.40
2.467,-42.25,3.868,42.43
2.500,-42.34,4.119,42.54
2.533,-42.34,4.267,42.56
2.567,-42.33,4.512,42.57
2.600,-42.32,4.865,42.60
2.633,-42.35,5.331,42.68
2.667,-42.36,5.535,42.72
2.700,-42.42,5.810,42.82
2.733,-42.40,6.093,42.84
2.767,-42.44,6.311,42.91
2.800,-42.44,6.472,42.93
2.833,-42.48,6.754,43.02
2.867,-42.45,6.877,43.00
2.900,-42.51,6.993,43.08
2.933,-42.53,7.137,43.12
2.967,-42.59,7.334,43.22
3.000,-42.53,7.516,43.19
3.033,-42.58,7.694,43.27
3.067,-42.63,7.891,43.36
3.100,-42.60,8.010,43.35
3.133,-42.65,8.256,43.44
3.167,-42.70,8.403,43.52
3.200,-42.65,8.505,43.49
3.233,-42.62,8.629,43.48
3.267,-42.57,8.640,43.44
3.300,-42.69,8.755,43.58
3.333,-42.62,8.817,43.53
3.367,-42.63,8.883,43.54
3.400,-42.62,8.909,43.54
3.433,-42.54,8.933,43.47
3.467,-42.67,9.062,43.62
3.500,-42.67,9.165,43.64
3.533,-42.72,9.204,43.70
3.567,-42.65,9.274,43.65
3.600,-42.65,9.303,43.65
3.633,-42.60,9.228,43.59
3.667,-42.59,9.295,43.59
3.700,-42.58,9.320,43.59
3.733,-42.58,9.321,43.59
3.767,-42.64,9.383,43.66
3.800,-42.63,9.369,43.64
3.833,-42.62,9.374,43.64
3.867,-42.61,9.360,43.63
3.900,-42.61,9.349,43.62
3.933,-42.61,9.348,43.62
3.967,-42.58,9.320,43.59
4.000,-42.61,9.352,43.62
4.033,-42.60,9.347,43.62
4.067,-42.58,9.227,43.57
4.100,-42.63,9.219,43.61
4.133,-42.57,9.150,43.55
4.167,-42.56,9.089,43.52
4.200,-42.57,9.111,43.53
4.233,-42.58,9.005,43.52
4.267,-42.64,9.049,43.59
4.300,-42.57,8.961,43.50
4.333,-42.57,8.939,43.50
4.367,-42.58,8.954,43.51
4.400,-42.58,8.809,43.48
4.433,-42.60,8.857,43.51
4.467,-42.55,8.783,43.44
4.500,-42.60,8.717,43.48
4.533,-42.58,8.672,43.45
4.567,-42.63,8.594,43.48
4.600,-42.60,8.540,43.44
4.633,-42.56,8.459,43.39
4.667,-42.61,8.396,43.43
4.700,-42.60,8.389,43.42
4.733,-42.64,8.274,43.44
4.767,-42.61,8.220,43.40
4.800,-42.56,8.140,43.34
4.833,-42.61,8.104,43.38
4.867,-42.61,8.064,43.36
4.900,-42.63,7.970,43.37
4.933,-42.62,7.916,43.35
4.967,-42.57,7.837,43.29
5.000,-42.63,7.807,43.34
5.033,-42.59,7.748,43.29
5.067,-42.56,7.669,43.24
5.100,-42.57,7.688,43.26
5.133,-42.61,7.618,43.28
5.167,-42.58,7.571,43.25
5.200,-42.58,7.542,43.24
5.233,-42.57,7.511,43.22
5.267,-42.63,7.485,43.28
5.300,-42.61,7.426,43.26
5.333,-42.60,7.401,43.24
5.367,-42.60,7.383,43.23
5.400,-42.56,7.351,43.19
5.433,-42.56,7.362,43.19
5.467,-42.64,7.340,43.27
5.500,-42.61,7.285,43.23
5.533,-42.61,7.277,43.22
5.567,-42.59,7.236,43.20
5.600,-42.59,7.240,43.20
5.633,-42.58,7.222,43.19
5.667,-42.57,7.210,43.18
5.700,-42.57,7.201,43.17
5.733,-42.58,7.206,43.19
5.767,-42.59,7.216,43.20
5.800,-42.58,7.217,43.19
5.833,-42.58,7.225,43.19
5.867,-42.57,7.209,43.18
5.900,-42.57,7.201,43.17
5.933,-42.57,7.204,43.18
5.967,-42.64,7.169,43.24
6.000,-42.62,7.136,43.22
6.033,-42.62,7.122,43.21
6.067,-42.61,7.114,43.20
6.100,-42.60,7.108,43.19
6.133,-42.61,7.104,43.19
6.167,-42.60,7.101,43.19
6.200,-42.60,7.100,43.19
6.233,-42.60,7.099,43.19
6.267,-42.60,7.098,43.19
6.300,-42.60,7.098,43.19
6.333,-42.60,7.098,43.19
6.367,-42.60,7.098,43.19
6.400,-42.60,7.099,43.18
6.433,-42.60,7.099,43.19
6.467,-42.60,7.099,43.19
6.500,-42.60,7.099,43.18
6.533,-42.60,7.097,43.19
6.567,-42.60,7.096,43.19
6.600,-42.60,7.096,43.18
6.633,-42.60,7.095,43.18
6.667,-42.59,7.095,43.18
6.700,-42.59,7.094,43.17
6.733,-42.58,7.094,43.17
6.767,-42.58,7.093,43.16
6.800,-42.58,7.093,43.17
6.833,-42.58,7.093,43.17
6.867,-42.58,7.094,43.17
6.900,-42.59,7.094,43.17
6.933,-42.60,7.094,43.18
6.967,-42.60,7.094,43.18
7.000,-42.59,7.094,43.18
7.033,-42.59,7.094,43.18
7.067,-42.60,7.094,43.18
7.100,-42.59,7.094,43.18
7.133,-42.60,7.095,43.18
7.167,-42.60,7.095,43.18
7.200,-42.60,7.094,43.18
7.233,-42.60,7.094,43.18
7.267,-42.60,7.093,43.18
7.300,-42.59,7.093,43.18
7.333,-42.60,7.095,43.18
7.367,-42.60,7.097,43.18
7.400,-42.60,7.097,43.18
7.433,-42.59,7.097,43.18
7.467,-42.59,7.093,43.17
7.500,-42.59,7.094,43.17
7.533,-42.59,7.094,43.18
7.567,-42.59,7.094,43.17
7.600,-42.59,7.093,43.17
7.633,-42.59,7.094,43.17
7.667,-42.59,7.093,43.18
7.700,-42.59,7.093,43.18
7.733,-42.59,7.103,43.18
7.767,-42.59,7.110,43.18
7.800,-42.59,7.107,43.18
7.833,-42.59,7.104,43.18
7.867,-42.59,7.103,43.18
7.900,-42.59,7.102,43.18
7.933,-42.60,7.101,43.18
7.967,-42.60,7.102,43.19
8.000,-42.59,7.107,43.18
8.033,-42.59,7.105,43.18
8.067,-42.59,7.103,43.18
8.100,-42.59,7.102,43.18
8.133,-42.60,7.102,43.18
8.167,-42.59,7.101,43.18
8.200,-42.59,7.101,43.18
8.233,-42.59,7.100,43.18
8.267,-42.59,7.099,43.18
8.300,-42.59,7.099,43.18
8.333,-42.59,7.104,43.18
8.367,-42.59,7.103,43.18
8.400,-42.59,7.102,43.18
8.433,-42.59,7.101,43.18
8.467,-42.59,7.100,43.18
8.500,-42.59,7.108,43.18
8.533,-42.59,7.105,43.18
8.567,-42.59,7.113,43.18
8.600,-42.59,7.110,43.18
8.633,-42.60,7.106,43.19
8.667,-42.60,7.104,43.18
8.700,-42.60,7.103,43.19
8.733,-42.60,7.103,43.18
8.767,-42.61,7.107,43.20
8.800,-42.61,7.111,43.20
8.833,-42.61,7.109,43.20
8.867,-42.60,7.107,43.19
8.900,-42.61,7.116,43.20
8.933,-42.60,7.113,43.19
8.967,-42.60,7.111,43.19
9.000,-42.60,7.109,43.19
9.033,-42.60,7.113,43.19
9.067,-42.60,7.112,43.19
9.100,-42.60,7.112,43.19
9.133,-42.60,7.110,43.19
9.167,-42.60,7.112,43.19
9.200,-42.60,7.111,43.19
9.233,-42.60,7.112,43.19
9.267,-42.60,7.112,43.19
9.300,-42.61,7.115,43.20
9.333,-42.61,7.118,43.20
9.367,-42.61,7.115,43.20
9.400,-42.60,7.113,43.19
9.433,-42.60,7.112,43.19
9.467,-42.60,7.112,43.19
9.500,-42.60,7.113,43.19
9.533,-42.60,7.112,43.19
9.567,-42.60,7.112,43.19
9.600,-42.60,7.111,43.19
9.633,-42.60,7.110,43.19
9.667,-42.60,7.110,43.19
9.700,-42.60,7.114,43.19
9.733,-42.61,7.117,43.20
9.767,-42.60,7.115,43.19
9.800,-42.60,7.113,43.19
9.833,-42.61,7.113,43.20
9.867,-42.60,7.113,43.19
9.900,-42.60,7.113,43.19
9.933,-42.60,7.114,43.19
9.967,-42.60,7.114,43.19
10.000,-42.61,7.115,43.20
10.033,-42.62,7.119,43.21
10.067,-42.61,7.117,43.20
10.100,-42.62,7.119,43.21
10.133,-42.62,7.121,43.21
10.167,-42.62,7.127,43.21
10.200,-42.62,7.121,43.21
10.233,-42.61,7.118,43.20
10.267,-42.61,7.116,43.20
10.300,-42.60,7.112,43.19
10.333,-42.60,7.113,43.19
10.367,-42.61,7.119,43.20
10.400,-42.61,7.116,43.20
10.433,-42.61,7.118,43.20
10.467,-42.61,7.120,43.20
10.500,-42.61,7.123,43.20
10.533,-42.61,7.125,43.21
10.567,-42.61,7.121,43.20
10.600,-42.60,7.118,43.19
10.633,-42.61,7.118,43.20
10.667,-42.61,7.118,43.20
10.700,-42.61,7.122,43.20
10.733,-42.61,7.119,43.20
10.767,-42.60,7.119,43.19
10.800,-42.60,7.117,43.19
10.833,-42.60,7.115,43.19
10.867,-42.60,7.114,43.19
10.900,-42.60,7.114,43.19
10.933,-42.60,7.115,43.19
10.967,-42.60,7.114,43.19
11.000,-42.60,7.114,43.19
11.033,-42.60,7.113,43.19
11.067,-42.59,7.111,43.18
11.100,-42.59,7.111,43.18
11.133,-42.59,7.111,43.18
11.167,-42.59,7.110,43.18
11.200,-42.59,7.109,43.18
11.233,-42.59,7.109,43.18
11.267,-42.59,7.107,43.18
11.300,-42.59,7.104,43.17
11.333,-42.58,7.102,43.17
11.367,-42.58,7.099,43.17
11.400,-42.58,7.099,43.17
11.433,-42.58,7.104,43.17
11.467,-42.59,7.106,43.18
11.500,-42.59,7.108,43.18
11.533,-42.59,7.109,43.18
11.567,-42.60,7.110,43.19
11.600,-42.60,7.112,43.19
11.633,-42.60,7.112,43.19
11.667,-42.60,7.114,43.19
11.700,-42.61,7.119,43.20
11.733,-42.61,7.123,43.21
11.767,-42.62,7.127,43.21
11.800,-42.62,7.130,43.21
11.833,-42.61,7.128,43.21
11.867,-42.61,7.125,43.20
11.900,-42.61,7.122,43.20
11.933,-42.60,7.120,43.20
11.967,-42.60,7.119,43.20
12.000,-42.60,7.119,43.19
12.033,-42.60,7.128,43.20
12.067,-42.60,7.116,43.19
12.100,-42.60,7.112,43.19
12.133,-42.60,7.110,43.19
12.167,-42.60,7.111,43.19
12.200,-42.60,7.111,43.19
12.233,-42.61,7.108,43.19
12.267,-42.61,7.106,43.20
12.300,-42.61,7.104,43.20
12.333,-42.61,7.102,43.20
12.367,-42.61,7.100,43.20
12.400,-42.61,7.098,43.20
12.433,-42.61,7.093,43.19
12.467,-42.61,7.095,43.19
12.500,-42.60,7.097,43.19
12.533,-42.60,7.099,43.19
12.567,-42.60,7.102,43.19
12.600,-42.60,7.104,43.19
12.633,-42.60,7.104,43.19
12.667,-42.60,7.102,43.19
12.700,-42.60,7.103,43.19
12.733,-42.60,7.104,43.19
12.767,-42.60,7.097,43.19
12.800,-42.60,7.095,43.18
12.833,-42.59,7.092,43.18
12.867,-42.59,7.095,43.18
12.900,-42.60,7.095,43.19
12.933,-42.60,7.098,43.19
12.967,-42.60,7.100,43.19
13.000,-42.60,7.101,43.18
13.033,-42.60,7.102,43.18
13.067,-42.60,7.102,43.18
13.100,-42.60,7.102,43.18
13.133,-42.60,7.102,43.18
13.167,-42.60,7.100,43.18
13.200,-42.60,7.098,43.19
13.233,-42.60,7.100,43.18
13.267,-42.60,7.100,43.18
13.300,-42.60,7.101,43.19
13.333,-42.60,7.102,43.19
13.367,-42.60,7.102,43.19
13.400,-42.60,7.102,43.19
13.433,-42.60,7.099,43.19
13.467,-42.60,7.098,43.18
13.500,-42.60,7.096,43.18
13.533,-42.60,7.096,43.18
13.567,-42.60,7.098,43.18
13.600,-42.60,7.099,43.18
13.633,-42.60,7.100,43.18
13.667,-42.60,7.101,43.18
13.700,-42.60,7.099,43.18
13.733,-42.59,7.096,43.18
13.767,-42.60,7.098,43.18
13.800,-42.60,7.099,43.18
13.833,-42.60,7.101,43.19
13.867,-42.59,7.102,43.18
13.900,-42.60,7.102,43.18
13.933,-42.60,7.102,43.18
13.967,-42.60,7.103,43.18
14.000,-42.60,7.104,43.18
14.033,-42.60,7.105,43.19
14.067,-42.60,7.105,43.19
14.100,-42.60,7.105,43.18
14.133,-42.60,7.105,43.18
14.167,-42.60,7.104,43.18
14.200,-42.59,7.104,43.18
14.233,-42.59,7.106,43.18
14.267,-42.59,7.105,43.18
14.300,-42.59,7.105,43.18
14.333,-42.59,7.105,43.18
14.367,-42.59,7.105,43.18
14.400,-42.60,7.108,43.18
14.433,-42.60,7.109,43.19
14.467,-42.60,7.109,43.19
14.500,-42.60,7.109,43.19
14.533,-42.60,7.111,43.19
14.567,-42.60,7.110,43.19
14.600,-42.60,7.109,43.19
14.633,-42.60,7.108,43.19
14.667,-42.60,7.108,43.19
14.700,-42.60,7.108,43.19
14.733,-42.60,7.108,43.19
14.767,-42.60,7.108,43.19
14.800,-42.60,7.107,43.19
14.833,-42.60,7.108,43.19
14.867,-42.60,7.107,43.19
14.900,-42.59,7.106,43.18
14.933,-42.60,7.107,43.19
14.967,-42.60,7.104,43.18
15.000,-42.60,7.101,43.18
15.033,-42.60,7.099,43.18
15.067,-42.60,7.099,43.18
15.100,-42.60,7.099,43.18
15.133,-42.60,7.099,43.18
15.167,-42.60,7.100,43.19
15.200,-42.60,7.100,43.19
15.233,-42.60,7.101,43.19
15.267,-42.60,7.102,43.19
15.300,-42.60,7.103,43.19
15.333,-42.60,7.104,43.19
15.367,-42.60,7.104,43.19
15.400,-42.61,7.104,43.19
15.433,-42.61,7.104,43.19
15.467,-42.60,7.104,43.19
15.500,-42.60,7.103,43.19
15.533,-42.60,7.103,43.19
15.567,-42.61,7.104,43.19
15.600,-42.61,7.104,43.19
15.633,-42.60,7.104,43.19
15.667,-42.60,7.104,43.19
15.700,-42.60,7.103,43.19
15.733,-42.60,7.103,43.19
15.767,-42.60,7.103,43.19
15.800,-42.60,7.103,43.19
15.833,-42.60,7.103,43.19
15.867,-42.60,7.104,43.19
15.900,-42.60,7.104,43.19
15.933,-42.60,7.104,43.19
15.967,-42.61,7.105,43.19
16.000,-42.61,7.105,43.20
16.033,-42.61,7.105,43.19
16.067,-42.60,7.105,43.19
16.100,-42.61,7.110,43.20
16.133,-42.61,7.114,43.20
16.167,-42.62,7.113,43.21
16.200,-42.61,7.111,43.20
16.233,-42.61,7.110,43.20
16.267,-42.61,7.109,43.20
16.300,-42.61,7.109,43.19
16.333,-42.61,7.109,43.19
16.367,-42.61,7.110,43.20
16.400,-42.61,7.110,43.19
16.433,-42.61,7.110,43.20
16.467,-42.60,7.111,43.19
16.500,-42.60,7.110,43.19
16.533,-42.60,7.109,43.19
16.567,-42.60,7.108,43.19
16.600,-42.60,7.107,43.19
16.633,-42.60,7.107,43.19
16.667,-42.60,7.109,43.19
16.700,-42.60,7.110,43.19
16.733,-42.61,7.110,43.19
16.767,-42.60,7.111,43.19
16.800,-42.60,7.112,43.19
16.833,-42.61,7.113,43.20
16.867,-42.61,7.117,43.20
16.900,-42.61,7.117,43.20
16.933,-42.61,7.121,43.20
16.967,-42.64,7.138,43.23
17.000,-42.63,7.130,43.22
17.033,-42.62,7.124,43.21
17.067,-42.63,7.130,43.22
17.100,-42.63,7.135,43.22
17.133,-42.62,7.128,43.21
17.167,-42.61,7.124,43.20
17.200,-42.62,7.123,43.21
17.233,-42.62,7.123,43.21
17.267,-42.62,7.124,43.21
17.300,-42.62,7.123,43.21
17.333,-42.62,7.123,43.21
17.367,-42.61,7.125,43.21
17.400,-42.61,7.127,43.21
17.433,-42.61,7.136,43.21
17.467,-42.61,7.133,43.21
17.500,-42.61,7.132,43.21
17.533,-42.61,7.131,43.21
17.567,-42.62,7.132,43.21
17.600,-42.62,7.137,43.21
17.633,-42.61,7.137,43.20
17.667,-42.60,7.135,43.20
17.700,-42.60,7.142,43.20
17.733,-42.63,7.147,43.22
17.767,-42.62,7.140,43.21
17.800,-42.62,7.138,43.22
17.833,-42.63,7.141,43.22
17.867,-42.63,7.137,43.22
17.900,-42.63,7.132,43.22
17.933,-42.62,7.122,43.21
17.967,-42.61,7.116,43.20
18.000,-42.61,7.120,43.20
18.033,-42.62,7.122,43.21
18.067,-42.62,7.135,43.21
18.100,-42.62,7.143,43.21
18.133,-42.63,7.160,43.23
18.167,-42.62,7.143,43.21
18.200,-42.62,7.139,43.22
18.233,-42.62,7.146,43.22
18.267,-42.62,7.142,43.21
18.300,-42.61,7.138,43.21
18.333,-42.61,7.133,43.20
18.367,-42.61,7.128,43.20
18.400,-42.60,7.135,43.20
18.433,-42.60,7.138,43.19
18.467,-42.60,7.129,43.19
18.500,-42.59,7.146,43.19
18.533,-42.59,7.146,43.19
18.567,-42.59,7.154,43.19
18.600,-42.59,7.144,43.19
18.633,-42.59,7.136,43.19
18.667,-42.60,7.143,43.19
18.700,-42.60,7.150,43.19
18.733,-42.60,7.140,43.19
18.767,-42.59,7.133,43.19
18.800,-42.60,7.142,43.20
18.833,-42.61,7.145,43.20
18.867,-42.60,7.140,43.20
18.900,-42.60,7.135,43.19
18.933,-42.60,7.127,43.19
18.967,-42.60,7.118,43.19
19.000,-42.60,7.117,43.19
19.033,-42.60,7.119,43.19
19.067,-42.60,7.122,43.19
19.100,-42.60,7.124,43.19
19.133,-42.60,7.123,43.19
19.167,-42.60,7.122,43.19
19.200,-42.60,7.130,43.19
19.233,-42.60,7.130,43.19
19.267,-42.60,7.126,43.19
19.300,-42.60,7.125,43.19
19.333,-42.60,7.129,43.19
19.367,-42.60,7.131,43.19
19.400,-42.60,7.127,43.19
19.433,-42.60,7.125,43.19
19.467,-42.60,7.123,43.19
19.500,-42.60,7.122,43.19
19.533,-42.60,7.121,43.19
19.567,-42.60,7.120,43.19
19.600,-42.59,7.134,43.19
19.633,-42.59,7.140,43.19
19.667,-42.59,7.135,43.19
19.700,-42.59,7.131,43.19
19.733,-42.59,7.134,43.19
19.767,-42.60,7.135,43.19
19.800,-42.60,7.132,43.19
19.833,-42.60,7.130,43.19
19.867,-42.59,7.131,43.19
19.900,-42.60,7.130,43.19
19.933,-42.59,7.130,43.19
19.967,-42.59,7.128,43.19
20.000,-42.59,7.127,43.19
20.033,-42.60,7.126,43.19
20.067,-42.60,7.125,43.19
20.100,-42.60,7.122,43.19
20.133,-42.59,7.114,43.18
20.167,-42.59,7.104,43.18
20.200,-42.59,7.108,43.18
20.233,-42.59,7.112,43.18
20.267,-42.59,7.115,43.18
20.300,-42.59,7.113,43.18
20.333,-42.59,7.113,43.18
20.367,-42.59,7.113,43.18
20.400,-42.60,7.119,43.19
20.433,-42.60,7.120,43.19
20.467,-42.60,7.119,43.19
20.500,-42.60,7.119,43.19
20.533,-42.60,7.136,43.20
20.567,-42.60,7.132,43.20
20.600,-42.60,7.138,43.20
20.633,-42.61,7.141,43.20
20.667,-42.61,7.138,43.20
20.700,-42.60,7.135,43.20
20.733,-42.60,7.133,43.20
20.767,-42.60,7.131,43.20
20.800,-42.61,7.133,43.20
20.833,-42.61,7.132,43.20
20.867,-42.61,7.133,43.20
20.900,-42.61,7.131,43.20
20.933,-42.62,7.141,43.22
20.967,-42.64,7.145,43.23
21.000,-42.63,7.140,43.22
21.033,-42.62,7.135,43.21
21.067,-42.62,7.134,43.21
21.100,-42.61,7.132,43.21
21.133,-42.61,7.131,43.20
21.167,-42.61,7.130,43.20
21.200,-42.61,7.123,43.20
21.233,-42.61,7.116,43.20
21.267,-42.61,7.119,43.20
21.300,-42.61,7.120,43.20
21.333,-42.61,7.119,43.20
21.367,-42.60,7.114,43.19
21.400,-42.60,7.116,43.19
21.433,-42.60,7.117,43.20
21.467,-42.60,7.119,43.20
21.500,-42.61,7.119,43.20
21.533,-42.61,7.119,43.20
21.567,-42.61,7.118,43.20
21.600,-42.61,7.119,43.20
21.633,-42.61,7.119,43.20
21.667,-42.61,7.118,43.20
21.700,-42.60,7.118,43.19
21.733,-42.61,7.119,43.20
21.767,-42.62,7.130,43.21
21.800,-42.63,7.133,43.22
21.833,-42.63,7.135,43.22
21.867,-42.62,7.132,43.22
21.900,-42.62,7.129,43.21
21.933,-42.61,7.126,43.21
21.967,-42.61,7.123,43.20
22.000,-42.61,7.122,43.20
22.033,-42.61,7.122,43.20
22.067,-42.61,7.120,43.20
22.100,-42.60,7.121,43.20
22.133,-42.60,7.122,43.19
22.167,-42.60,7.123,43.19
22.200,-42.60,7.124,43.19
22.233,-42.60,7.124,43.19
22.267,-42.60,7.124,43.19
22.300,-42.60,7.126,43.19
22.333,-42.60,7.128,43.19
22.367,-42.60,7.127,43.19
22.400,-42.60,7.127,43.20
22.433,-42.60,7.127,43.19
22.467,-42.60,7.122,43.19
22.500,-42.60,7.123,43.19
22.533,-42.60,7.128,43.20
22.567,-42.60,7.129,43.20
22.600,-42.61,7.131,43.20
22.633,-42.61,7.131,43.20
22.667,-42.61,7.130,43.20
22.700,-42.61,7.130,43.20
22.733,-42.61,7.131,43.20
22.767,-42.61,7.127,43.20
22.800,-42.61,7.128,43.20
22.833,-42.61,7.122,43.20
22.867,-42.61,7.122,43.20
22.900,-42.61,7.122,43.20
22.933,-42.60,7.121,43.20
22.967,-42.60,7.121,43.19
23.000,-42.60,7.120,43.19
23.033,-42.60,7.121,43.19
23.067,-42.60,7.119,43.19
23.100,-42.63,7.134,43.23
23.133,-42.60,7.116,43.19
23.167,-42.60,7.118,43.19
23.200,-42.60,7.112,43.19
23.233,-42.60,7.107,43.19
23.267,-42.60,7.110,43.19
23.300,-42.60,7.113,43.19
23.333,-42.60,7.112,43.19
23.367,-42.60,7.112,43.19
23.400,-42.59,7.108,43.18
23.433,-42.60,7.111,43.19
23.467,-42.60,7.105,43.18
23.500,-42.60,7.109,43.19
23.533,-42.60,7.105,43.19
23.567,-42.60,7.107,43.19
23.600,-42.60,7.100,43.18
23.633,-42.59,7.094,43.18
23.667,-42.60,7.089,43.18
23.700,-42.59,7.088,43.18
23.733,-42.58,7.082,43.16
23.767,-42.57,7.077,43.16
23.800,-42.57,7.072,43.15
23.833,-42.56,7.070,43.14
23.867,-42.55,7.060,43.13
23.900,-42.54,7.051,43.12
23.933,-42.56,7.068,43.14
23.967,-42.57,7.082,43.16
24.000,-42.58,7.085,43.16
24.033,-42.59,7.088,43.17
24.067,-42.60,7.092,43.18
24.100,-42.60,7.094,43.18
24.133,-42.60,7.092,43.19
24.167,-42.60,7.091,43.19
24.200,-42.60,7.087,43.18
24.233,-42.59,7.084,43.18
24.267,-42.60,7.082,43.18
24.300,-42.60,7.081,43.18
24.333,-42.58,7.066,43.17
24.367,-42.59,7.082,43.17
24.400,-42.59,7.084,43.17
24.433,-42.59,7.085,43.17
24.467,-42.58,7.078,43.16
24.500,-42.59,7.090,43.17
24.533,-42.58,7.073,43.17
24.567,-42.58,7.061,43.16
24.600,-42.63,7.027,43.21
24.633,-42.62,7.002,43.20
24.667,-42.62,6.991,43.19
24.700,-42.62,6.983,43.18
24.733,-42.61,6.978,43.18
24.767,-42.61,6.974,43.18
24.800,-42.61,6.972,43.18
24.833,-42.61,6.970,43.18
24.867,-42.61,6.969,43.17
24.900,-42.61,6.968,43.17
24.933,-42.61,6.967,43.17
24.967,-42.61,6.966,43.17
25.000,-42.61,6.965,43.18
25.033,-42.61,6.966,43.18
25.067,-42.61,6.965,43.18
25.100,-42.61,6.965,43.18
25.133,-42.61,6.964,43.17
25.167,-42.61,6.962,43.17
25.200,-42.61,6.963,43.17
25.233,-42.61,6.963,43.17
25.267,-42.61,6.963,43.17
25.300,-42.61,6.962,43.17
25.333,-42.61,6.962,43.17
25.367,-42.61,6.962,43.17
25.400,-42.61,6.962,43.17
25.433,-42.61,6.963,43.17
25.467,-42.61,6.963,43.17
25.500,-42.61,6.963,43.17
25.533,-42.61,6.963,43.17
25.567,-42.61,6.969,43.18
25.600,-42.61,6.969,43.18
25.633,-42.61,6.973,43.18
25.667,-42.61,6.972,43.18
25.700,-42.61,6.970,43.18
25.733,-42.61,6.969,43.18
25.767,-42.61,6.969,43.18
25.800,-42.61,6.968,43.18
25.833,-42.61,6.968,43.18
25.867,-42.61,6.967,43.18
25.900,-42.61,6.967,43.18
25.933,-42.61,6.967,43.18
25.967,-42.61,6.978,43.18
26.000,-42.61,6.977,43.18
26.033,-42.61,6.981,43.18
26.067,-42.62,6.983,43.19
26.100,-42.62,6.979,43.18
26.133,-42.62,6.975,43.18
26.167,-42.61,6.973,43.18
26.200,-42.61,6.971,43.18
26.233,-42.61,6.970,43.18
26.267,-42.62,6.970,43.18
26.300,-42.62,6.970,43.18
26.333,-42.62,6.970,43.18
26.367,-42.61,6.971,43.18
26.400,-42.61,6.970,43.18
26.433,-42.61,6.969,43.17
26.467,-42.61,6.968,43.17
26.500,-42.61,6.969,43.17
26.533,-42.61,6.970,43.18
26.567,-42.61,6.970,43.18
26.600,-42.61,6.971,43.18
26.633,-42.61,6.970,43.18
26.667,-42.61,6.969,43.18
26.700,-42.61,6.968,43.18
26.733,-42.61,6.967,43.18
26.767,-42.62,6.969,43.18
26.800,-42.62,6.969,43.18
26.833,-42.62,6.970,43.18
26.867,-42.62,6.970,43.18
26.900,-42.62,6.974,43.19
26.933,-42.62,6.971,43.18
26.967,-42.62,6.969,43.18
27.000,-42.62,6.968,43.18
27.033,-42.63,6.960,43.19
27.067,-42.62,6.961,43.19
27.100,-42.62,6.962,43.18
27.133,-42.62,6.963,43.18
27.167,-42.62,6.964,43.18
27.200,-42.62,6.964,43.18
27.233,-42.62,6.964,43.18
27.267,-42.62,6.964,43.18
27.300,-42.62,6.967,43.18
27.333,-42.62,6.969,43.18
27.367,-42.62,6.971,43.18
27.400,-42.61,6.972,43.18
27.433,-42.61,6.973,43.18
27.467,-42.61,6.974,43.18
27.500,-42.60,6.977,43.17
27.533,-42.61,6.974,43.17
27.567,-42.61,6.977,43.18
27.600,-42.61,6.983,43.18
27.633,-42.61,6.992,43.18
27.667,-42.61,6.985,43.18
27.700,-42.61,6.980,43.18
27.733,-42.61,6.976,43.18
27.767,-42.61,6.973,43.18
27.800,-42.61,6.972,43.18
27.833,-42.61,6.972,43.17
27.867,-42.61,6.973,43.17
27.900,-42.61,6.973,43.17
27.933,-42.61,6.973,43.17
27.967,-42.59,6.983,43.16
28.000,-42.59,6.979,43.16
28.033,-42.59,6.985,43.16
28.067,-42.60,6.980,43.17
28.100,-42.59,6.981,43.16
28.133,-42.59,6.982,43.16
28.167,-42.60,6.977,43.16
28.200,-42.60,6.974,43.17
28.233,-42.60,6.974,43.17
28.267,-42.60,6.975,43.17
28.300,-42.60,6.973,43.17
28.333,-42.60,6.970,43.17
28.367,-42.61,6.969,43.17
28.400,-42.61,6.969,43.17
28.433,-42.61,6.969,43.17
28.467,-42.61,6.969,43.17
28.500,-42.61,6.969,43.17
28.533,-42.61,6.969,43.17
28.567,-42.61,6.969,43.18
28.600,-42.61,6.969,43.18
28.633,-42.60,6.972,43.17
28.667,-42.60,6.975,43.17
28.700,-42.60,6.978,43.17
28.733,-42.60,6.976,43.17
28.767,-42.60,6.975,43.16
28.800,-42.59,6.975,43.16
28.833,-42.60,6.972,43.16
28.867,-42.60,6.970,43.17
28.900,-42.61,6.969,43.17
28.933,-42.61,6.968,43.17
28.967,-42.61,6.968,43.17
29.000,-42.61,6.967,43.18
29.033,-42.61,6.967,43.17
29.067,-42.61,6.967,43.17
29.100,-42.61,6.967,43.17
29.133,-42.61,6.968,43.17
29.167,-42.61,6.963,43.18
29.200,-42.61,6.962,43.18
29.233,-42.61,6.962,43.18
29.267,-42.61,6.962,43.18
29.300,-42.61,6.963,43.17
29.333,-42.61,6.964,43.17
29.367,-42.61,6.965,43.18
29.400,-42.61,6.965,43.18
29.433,-42.61,6.966,43.18
29.467,-42.61,6.967,43.18
29.500,-42.61,6.967,43.18
29.533,-42.61,6.966,43.18
29.567,-42.61,6.967,43.18
29.600,-42.61,6.965,43.18
29.633,-42.61,6.964,43.18
29.667,-42.61,6.964,43.18
29.700,-42.61,6.965,43.18
29.733,-42.61,6.965,43.17
29.767,-42.61,6.965,43.17
29.800,-42.61,6.964,43.17
29.833,-42.61,6.964,43.18
29.867,-42.61,6.964,43.18
29.900,-42.61,6.964,43.18
29.933,-42.61,6.964,43.18
29.967,-42.61,6.964,43.18
30.000,-41.89,6.847,42.45
