0.000,2.806E-3,53.74,53.74
0.033,-1.541E-2,53.85,53.85
0.067,0.339,53.67,53.68
0.100,0.403,53.85,53.85
0.133,0.345,53.77,53.78
0.167,0.461,53.57,53.57
0.200,0.517,53.71,53.72
0.233,0.594,53.70,53.71
0.267,0.663,53.65,53.65
0.300,0.756,53.83,53.83
0.333,0.837,53.61,53.61
0.367,0.846,53.61,53.61
0.400,0.825,53.61,53.62
0.433,0.930,53.50,53.50
0.467,1.001,53.55,53.56
0.500,1.068,53.58,53.59
0.533,1.148,53.53,53.55
0.567,1.139,53.71,53.72
0.600,1.307,53.58,53.60
0.633,1.455,53.73,53.75
0.667,1.442,53.78,53.80
0.700,1.630,53.66,53.69
0.733,1.569,53.80,53.82
0.767,1.766,53.68,53.71
0.800,1.902,53.68,53.71
0.833,1.907,53.71,53.74
0.867,2.132,53.56,53.61
0.900,2.215,53.71,53.76
0.933,2.399,53.71,53.76
0.967,2.481,53.65,53.71
1.000,2.506,53.72,53.78
1.033,2.573,53.59,53.65
1.067,2.726,53.68,53.74
1.100,2.807,53.78,53.85
1.133,2.990,53.71,53.80
1.167,3.075,53.85,53.94
1.200,3.223,53.87,53.96
1.233,3.339,53.92,54.02
1.267,3.458,54.06,54.17
1.300,3.590,54.05,54.17
1.333,3.685,54.19,54.32
1.367,3.708,54.23,54.36
1.400,3.778,54.26,54.39
1.433,3.948,54.35,54.49
1.467,4.126,54.38,54.54
1.500,4.290,54.49,54.65
1.533,4.413,54.58,54.76
1.567,4.584,54.66,54.85
1.600,4.779,54.80,55.01
1.633,4.908,54.90,55.12
1.667,5.107,54.95,55.18
1.700,5.206,55.07,55.31
1.733,5.446,55.06,55.33
1.767,5.661,55.18,55.47
1.800,5.738,55.27,55.57
1.833,5.835,55.31,55.62
1.867,5.908,55.35,55.67
1.900,5.978,55.41,55.73
1.933,6.168,55.44,55.78
1.967,6.240,55.59,55.94
2.000,6.303,55.66,56.01
2.033,6.448,55.78,56.15
2.067,6.558,55.86,56.25
2.100,6.748,55.92,56.33
2.133,6.804,56.10,56.51
2.167,6.942,56.17,56.60
2.200,7.103,56.28,56.73
2.233,7.246,56.43,56.90
2.267,7.380,56.51,56.99
2.300,7.516,56.70,57.19
2.333,7.637,56.84,57.35
2.367,7.829,56.93,57.47
2.400,7.892,57.13,57.67
2.433,8.040,57.19,57.75
2.467,8.148,57.45,58.03
2.500,8.223,57.60,58.18
2.533,8.336,57.72,58.31
2.567,8.378,57.90,58.50
2.600,8.423,57.96,58.57
2.633,8.491,58.32,58.94
2.667,8.643,58.51,59.15
2.700,8.828,58.82,59.48
2.733,8.952,59.00,59.67
2.767,9.055,59.11,59.80
2.800,9.098,59.24,59.94
2.833,9.247,59.33,60.05
2.867,9.435,59.33,60.07
2.900,9.606,59.36,60.13
2.933,9.667,59.42,60.20
2.967,9.779,59.45,60.25
3.000,9.904,59.59,60.41
3.033,10.00,59.66,60.50
3.067,10.16,59.74,60.60
3.100,10.33,59.78,60.66
3.133,10.46,59.95,60.86
3.167,10.51,60.08,60.99
3.200,10.68,60.14,61.08
3.233,10.76,60.21,61.16
3.267,11.03,60.16,61.17
3.300,11.09,60.22,61.23
3.333,11.25,60.23,61.27
3.367,11.48,60.29,61.37
3.400,11.62,60.39,61.50
3.433,11.67,60.44,61.56
3.467,11.62,60.54,61.65
3.500,11.58,60.66,61.76
3.533,11.62,60.72,61.83
3.567,11.66,60.84,61.95
3.600,11.64,60.89,62.00
3.633,11.74,60.86,61.98
3.667,11.76,60.94,62.07
3.700,11.77,60.97,62.09
3.733,11.78,61.00,62.13
3.767,11.80,61.06,62.19
3.800,11.79,61.08,62.20
3.833,11.78,61.09,62.21
3.867,11.79,61.10,62.22
3.900,11.81,61.10,62.23
3.933,11.82,61.12,62.25
3.967,11.85,61.14,62.28
4.000,11.91,61.20,62.35
4.033,11.95,61.26,62.41
4.067,12.03,61.25,62.42
4.100,12.11,61.23,62.42
4.133,12.15,61.18,62.38
4.167,12.27,61.21,62.43
4.200,12.34,61.22,62.45
4.233,12.47,61.13,62.39
4.267,12.47,61.18,62.44
4.300,12.51,61.10,62.36
4.333,12.63,61.03,62.32
4.367,12.69,61.04,62.35
4.400,12.80,60.93,62.26
4.433,12.94,60.89,62.25
4.467,13.06,60.74,62.13
4.500,13.15,60.64,62.05
4.533,13.21,60.53,61.95
4.567,13.35,60.39,61.85
4.600,13.42,60.30,61.78
4.633,13.56,60.11,61.62
4.667,13.63,59.91,61.44
4.700,13.72,59.75,61.30
4.733,13.93,59.45,61.06
4.767,13.96,59.38,61.00
4.800,14.14,59.16,60.83
4.833,14.23,58.91,60.60
4.867,14.33,58.79,60.52
4.900,14.49,58.55,60.32
4.933,14.55,58.33,60.12
4.967,14.68,58.16,59.98
5.000,14.76,57.98,59.83
5.033,14.84,57.85,59.72
5.067,14.94,57.62,59.52
5.100,14.93,57.50,59.41
5.133,15.07,57.21,59.16
5.167,15.14,57.07,59.05
5.200,15.20,56.87,58.86
5.233,15.38,56.62,58.67
5.267,15.47,56.50,58.58
5.300,15.49,56.30,58.39
5.333,15.47,56.13,58.23
5.367,15.46,55.96,58.06
5.400,15.57,55.68,57.81
5.433,15.60,55.55,57.70
5.467,15.71,55.40,57.58
5.500,15.74,55.32,57.52
5.533,15.81,55.17,57.39
5.567,15.85,55.14,57.38
5.600,15.89,55.12,57.36
5.633,15.91,55.12,57.37
5.667,15.94,55.17,57.42
5.700,15.97,55.20,57.46
5.733,15.95,55.23,57.49
5.767,15.89,55.26,57.50
5.800,15.90,55.33,57.57
5.833,15.87,55.41,57.63
5.867,15.77,55.49,57.69
5.900,15.65,55.61,57.77
5.933,15.57,55.67,57.81
5.967,15.53,55.63,57.76
6.000,15.54,55.65,57.77
6.033,15.53,55.64,57.77
6.067,15.54,55.64,57.77
6.100,15.53,55.64,57.77
6.133,15.53,55.67,57.79
6.167,15.53,55.67,57.79
6.200,15.53,55.67,57.80
6.233,15.53,55.68,57.81
6.267,15.53,55.69,57.82
6.300,15.50,55.71,57.83
6.333,15.49,55.67,57.79
6.367,15.43,55.69,57.79
6.400,15.44,55.73,57.83
6.433,15.37,55.79,57.87
6.467,15.41,55.91,57.99
6.500,15.36,55.97,58.04
6.533,15.31,55.98,58.04
6.567,15.25,56.08,58.11
6.600,15.17,56.18,58.19
6.633,15.12,56.21,58.21
6.667,15.09,56.29,58.28
6.700,15.08,56.37,58.35
6.733,15.05,56.47,58.44
6.767,15.02,56.56,58.52
6.800,14.92,56.65,58.58
6.833,14.89,56.68,58.60
6.867,14.84,56.77,58.67
6.900,14.78,56.82,58.71
6.933,14.68,56.91,58.78
6.967,14.60,56.95,58.79
7.000,14.50,57.08,58.89
7.033,14.39,57.07,58.85
7.067,14.30,57.19,58.95
7.100,14.24,57.25,58.99
7.133,14.14,57.33,59.05
7.167,14.02,57.43,59.12
7.200,13.89,57.55,59.20
7.233,13.82,57.56,59.20
7.267,13.59,57.65,59.23
7.300,13.50,57.76,59.32
7.333,13.32,57.83,59.35
7.367,13.19,57.89,59.38
7.400,12.99,57.96,59.40
7.433,12.93,58.07,59.49
7.467,12.74,58.16,59.54
7.500,12.64,58.19,59.55
7.533,12.54,58.23,59.57
7.567,12.42,58.30,59.61
7.600,12.35,58.35,59.64
7.633,12.27,58.37,59.65
7.667,12.13,58.38,59.63
7.700,11.98,58.41,59.62
7.733,11.88,58.40,59.60
7.767,11.71,58.44,59.60
7.800,11.64,58.55,59.69
7.833,11.43,58.61,59.72
7.867,11.30,58.69,59.77
7.900,11.15,58.77,59.82
7.933,11.08,58.82,59.85
7.967,11.10,58.86,59.90
8.000,11.01,58.95,59.97
8.033,10.98,59.01,60.02
8.067,10.86,59.13,60.12
8.100,10.77,59.24,60.21
8.133,10.79,59.34,60.32
8.167,10.72,59.52,60.47
8.200,10.56,59.64,60.57
8.233,10.42,59.74,60.64
8.267,10.32,59.93,60.81
8.300,10.20,60.05,60.91
8.333,10.13,60.10,60.95
8.367,9.983,60.20,61.02
8.400,9.856,60.39,61.19
8.433,9.687,60.50,61.27
8.467,9.589,60.70,61.45
8.500,9.538,60.81,61.55
8.533,9.429,60.93,61.65
8.567,9.378,60.97,61.68
8.600,9.192,61.04,61.73
8.633,9.015,61.16,61.82
8.667,8.852,61.29,61.93
8.700,8.790,61.41,62.04
8.733,8.619,61.50,62.11
8.767,8.544,61.56,62.15
8.800,8.414,61.69,62.26
8.833,8.286,61.84,62.40
8.867,8.111,61.95,62.48
8.900,8.021,62.06,62.58
8.933,7.877,62.01,62.51
8.967,7.773,62.14,62.63
9.000,7.615,62.24,62.71
9.033,7.521,62.38,62.83
9.067,7.369,62.43,62.87
9.100,7.295,62.47,62.89
9.133,7.159,62.50,62.91
9.167,7.096,62.50,62.90
9.200,7.025,62.53,62.92
9.233,6.856,62.58,62.95
9.267,6.847,62.60,62.97
9.300,6.831,62.61,62.98
9.333,6.817,62.62,62.99
9.367,6.804,62.63,63.00
9.400,6.800,62.64,63.00
9.433,6.810,62.63,63.00
9.467,6.817,62.64,63.00
9.500,6.847,62.64,63.01
9.533,6.843,62.64,63.01
9.567,6.847,62.64,63.01
9.600,6.857,62.62,62.99
9.633,6.865,62.61,62.98
9.667,6.858,62.61,62.98
9.700,6.851,62.62,62.99
9.733,6.845,62.62,62.99
9.767,6.842,62.63,63.00
9.800,6.838,62.63,63.00
9.833,6.829,62.63,63.00
9.867,6.820,62.62,62.99
9.900,6.814,62.62,62.99
9.933,6.808,62.61,62.98
9.967,6.814,62.62,62.98
10.000,6.803,62.61,62.98
10.033,6.809,62.62,62.99
10.067,6.798,62.61,62.98
10.100,6.807,62.62,62.99
10.133,6.809,62.62,62.98
10.167,6.811,62.61,62.98
10.200,6.815,62.62,62.99
10.233,6.819,62.62,62.99
10.267,6.821,62.62,62.99
10.300,6.827,62.61,62.98
10.333,6.830,62.60,62.97
10.367,6.831,62.60,62.97
10.400,6.829,62.60,62.98
10.433,6.828,62.61,62.98
10.467,6.827,62.62,62.99
10.500,6.824,62.62,62.99
10.533,6.819,62.62,62.99
10.567,6.820,62.63,63.00
10.600,6.821,62.63,63.00
10.633,6.810,62.63,63.00
10.667,6.801,62.63,63.00
10.700,6.807,62.63,63.00
10.733,6.812,62.63,63.00
10.767,6.815,62.63,63.00
10.800,6.818,62.63,63.00
10.833,6.819,62.64,63.01
10.867,6.820,62.64,63.01
10.900,6.822,62.64,63.01
10.933,6.824,62.64,63.02
10.967,6.828,62.65,63.02
11.000,6.827,62.64,63.02
11.033,6.834,62.65,63.02
11.067,6.838,62.65,63.02
11.100,6.834,62.64,63.02
11.133,6.831,62.64,63.01
11.167,6.846,62.65,63.02
11.200,6.840,62.64,63.01
11.233,6.836,62.64,63.01
11.267,6.833,62.64,63.01
11.300,6.830,62.63,63.01
11.333,6.829,62.63,63.01
11.367,6.829,62.63,63.00
11.400,6.829,62.63,63.00
11.433,6.819,62.63,63.00
11.467,6.811,62.64,63.01
11.500,6.807,62.63,63.00
11.533,6.804,62.63,63.00
11.567,6.803,62.63,63.00
11.600,6.796,62.62,62.99
11.633,6.784,62.62,62.98
11.667,6.793,62.62,62.99
11.700,6.772,62.62,62.98
11.733,6.751,62.63,62.99
11.767,6.688,62.62,62.98
11.800,6.653,62.62,62.97
11.833,6.635,62.62,62.97
11.867,6.623,62.62,62.97
11.900,6.623,62.62,62.97
11.933,6.600,62.62,62.96
11.967,6.617,62.61,62.96
12.000,6.628,62.60,62.95
12.033,6.636,62.61,62.96
12.067,6.642,62.61,62.96
12.100,6.652,62.62,62.97
12.133,6.657,62.62,62.97
12.167,6.658,62.62,62.98
12.200,6.659,62.63,62.98
12.233,6.659,62.63,62.98
12.267,6.659,62.63,62.98
12.300,6.659,62.63,62.98
12.333,6.659,62.63,62.98
12.367,6.639,62.62,62.97
12.400,6.629,62.61,62.96
12.433,6.611,62.60,62.95
12.467,6.608,62.59,62.94
12.500,6.611,62.60,62.95
12.533,6.624,62.61,62.96
12.567,6.594,62.62,62.97
12.600,6.521,62.61,62.95
12.633,6.487,62.60,62.93
12.667,6.452,62.59,62.92
12.700,6.400,62.58,62.90
12.733,6.357,62.59,62.91
12.767,6.338,62.60,62.92
12.800,6.283,62.60,62.91
12.833,6.227,62.59,62.90
12.867,6.196,62.60,62.90
12.900,6.168,62.60,62.90
12.933,6.165,62.60,62.91
12.967,6.087,62.61,62.90
13.000,5.992,62.61,62.90
13.033,5.938,62.64,62.92
13.067,5.896,62.66,62.94
13.100,5.847,62.68,62.95
13.133,5.873,62.66,62.94
13.167,5.877,62.68,62.96
13.200,5.874,62.67,62.94
13.233,5.874,62.66,62.93
13.267,5.877,62.65,62.93
13.300,5.875,62.65,62.92
13.333,5.872,62.65,62.92
13.367,5.856,62.64,62.92
13.400,5.857,62.64,62.92
13.433,5.848,62.64,62.91
13.467,5.855,62.63,62.90
13.500,5.857,62.62,62.89
13.533,5.859,62.62,62.90
13.567,5.866,62.60,62.88
13.600,5.871,62.60,62.87
13.633,5.871,62.61,62.88
13.667,5.871,62.61,62.89
13.700,5.875,62.63,62.90
13.733,5.875,62.63,62.90
13.767,5.878,62.64,62.91
13.800,5.878,62.63,62.91
13.833,5.877,62.63,62.91
13.867,5.877,62.63,62.91
13.900,5.876,62.63,62.91
13.933,5.876,62.63,62.91
13.967,5.877,62.63,62.90
14.000,5.877,62.63,62.90
14.033,5.873,62.63,62.90
14.067,5.870,62.63,62.90
14.100,5.877,62.62,62.90
14.133,5.881,62.62,62.89
14.167,5.893,62.61,62.89
14.200,5.889,62.62,62.90
14.233,5.885,62.62,62.90
14.267,5.882,62.63,62.90
14.300,5.879,62.63,62.90
14.333,5.878,62.63,62.90
14.367,5.851,62.64,62.91
14.400,5.854,62.66,62.93
14.433,5.861,62.66,62.93
14.467,5.859,62.67,62.94
14.500,5.840,62.67,62.94
14.533,5.828,62.72,62.99
14.567,5.777,62.74,63.00
14.600,5.731,62.79,63.05
14.633,5.692,62.82,63.08
14.667,5.661,62.85,63.11
14.700,5.607,62.91,63.16
14.733,5.578,62.96,63.21
14.767,5.561,63.00,63.25
14.800,5.475,63.08,63.31
14.833,5.477,63.13,63.37
14.867,5.478,63.18,63.41
14.900,5.396,63.20,63.43
14.933,5.404,63.29,63.52
14.967,5.401,63.33,63.56
15.000,5.333,63.36,63.58
15.033,5.351,63.43,63.65
15.067,5.361,63.48,63.71
15.100,5.335,63.54,63.76
15.133,5.368,63.60,63.83
15.167,5.346,63.67,63.90
15.200,5.379,63.77,64.00
15.233,5.407,63.82,64.05
15.267,5.393,63.91,64.14
15.300,5.376,64.00,64.22
15.333,5.388,64.12,64.34
15.367,5.396,64.28,64.50
15.400,5.392,64.39,64.61
15.433,5.417,64.45,64.68
15.467,5.453,64.63,64.86
15.500,5.447,64.79,65.02
15.533,5.510,64.91,65.14
15.567,5.530,64.96,65.20
15.600,5.589,65.04,65.28
15.633,5.657,65.20,65.45
15.667,5.733,65.28,65.53
15.700,5.752,65.36,65.62
15.733,5.826,65.51,65.77
15.767,5.898,65.55,65.81
15.800,5.996,65.62,65.89
15.833,6.052,65.66,65.93
15.867,6.174,65.75,66.04
15.900,6.233,65.79,66.09
15.933,6.254,65.82,66.12
15.967,6.256,65.83,66.12
16.000,6.266,65.83,66.12
16.033,6.293,65.89,66.19
16.067,6.321,65.87,66.17
16.100,6.369,65.84,66.15
16.133,6.405,65.83,66.14
16.167,6.526,65.90,66.22
16.200,6.575,65.94,66.26
16.233,6.641,65.98,66.31
16.267,6.643,66.02,66.35
16.300,6.700,66.01,66.35
16.333,6.742,66.00,66.34
16.367,6.803,66.03,66.38
16.400,6.888,66.00,66.36
16.433,6.900,66.00,66.36
16.467,6.911,66.00,66.36
16.500,7.029,66.07,66.44
16.533,7.064,66.11,66.48
16.567,7.142,66.16,66.55
16.600,7.243,66.20,66.60
16.633,7.322,66.20,66.60
16.667,7.448,66.26,66.68
16.700,7.500,66.31,66.73
16.733,7.629,66.39,66.83
16.767,7.674,66.46,66.91
16.800,7.786,66.59,67.04
16.833,7.953,66.71,67.18
16.867,8.014,66.74,67.22
16.900,8.079,66.82,67.31
16.933,8.175,66.79,67.29
16.967,8.269,66.91,67.41
17.000,8.333,66.93,67.45
17.033,8.479,67.03,67.56
17.067,8.525,67.13,67.67
17.100,8.597,67.13,67.68
17.133,8.779,67.20,67.77
17.167,8.900,67.26,67.84
17.200,8.965,67.26,67.85
17.233,9.035,67.30,67.90
17.267,9.123,67.29,67.90
17.300,9.206,67.31,67.94
17.333,9.308,67.31,67.95
17.367,9.431,67.29,67.94
17.400,9.505,67.27,67.94
17.433,9.619,67.30,67.98
17.467,9.764,67.27,67.97
17.500,9.872,67.26,67.98
17.533,9.950,67.27,68.00
17.567,10.05,67.26,68.01
17.600,10.12,67.27,68.02
17.633,10.24,67.26,68.04
17.667,10.31,67.26,68.05
17.700,10.39,67.26,68.06
17.733,10.46,67.27,68.08
17.767,10.55,67.29,68.11
17.800,10.62,67.28,68.11
17.833,10.73,67.27,68.13
17.867,10.87,67.30,68.17
17.900,10.94,67.31,68.19
17.933,11.02,67.32,68.22
17.967,11.11,67.35,68.26
18.000,11.18,67.42,68.34
18.033,11.23,67.48,68.41
18.067,11.37,67.51,68.46
18.100,11.47,67.56,68.52
18.133,11.53,67.61,68.58
18.167,11.62,67.63,68.62
18.200,11.79,67.67,68.69
18.233,11.84,67.72,68.75
18.267,11.83,67.75,68.77
18.300,11.92,67.82,68.86
18.333,11.94,67.89,68.94
18.367,11.95,67.94,68.98
18.400,12.08,68.01,69.07
18.433,12.12,68.05,69.12
18.467,12.20,68.10,69.18
18.500,12.22,68.09,69.18
18.533,12.36,68.16,69.27
18.567,12.40,68.20,69.32
18.600,12.48,68.26,69.39
18.633,12.57,68.25,69.40
18.667,12.63,68.22,69.37
18.700,12.67,68.25,69.41
18.733,12.74,68.21,69.39
18.767,12.79,68.20,69.38
18.800,12.84,68.22,69.42
18.833,12.92,68.20,69.41
18.867,12.93,68.20,69.41
18.900,13.02,68.21,69.44
18.933,13.13,68.20,69.45
18.967,13.27,68.17,69.45
19.000,13.33,68.16,69.45
19.033,13.38,68.14,69.44
19.067,13.39,68.15,69.45
19.100,13.47,68.15,69.47
19.133,13.56,68.12,69.45
19.167,13.63,68.05,69.40
19.200,13.68,67.99,69.36
19.233,13.77,67.92,69.30
19.267,13.80,67.90,69.29
19.300,13.86,67.85,69.25
19.333,13.95,67.74,69.17
19.367,14.01,67.66,69.10
19.400,14.16,67.60,69.07
19.433,14.19,67.55,69.03
19.467,14.24,67.50,68.99
19.500,14.46,67.47,69.00
19.533,14.53,67.41,68.96
19.567,14.58,67.35,68.91
19.600,14.77,67.30,68.90
19.633,14.76,67.24,68.84
19.667,14.94,67.16,68.80
19.700,15.03,67.09,68.75
19.733,15.09,67.05,68.72
19.767,15.12,67.03,68.72
19.800,15.20,67.03,68.73
19.833,15.31,67.04,68.77
19.867,15.39,67.06,68.80
19.900,15.53,67.09,68.86
19.933,15.62,67.13,68.93
19.967,15.73,67.17,68.98
20.000,15.75,67.22,69.04
20.033,15.88,67.26,69.11
20.067,15.99,67.29,69.17
20.100,16.05,67.35,69.24
20.133,16.13,67.44,69.34
20.167,16.24,67.51,69.44
20.200,16.32,67.62,69.56
20.233,16.49,67.69,69.67
20.267,16.56,67.76,69.76
20.300,16.73,67.83,69.87
20.333,16.80,67.92,69.97
20.367,16.93,68.07,70.15
20.400,17.08,68.13,70.24
20.433,17.17,68.22,70.35
20.467,17.30,68.31,70.47
20.500,17.34,68.40,70.57
20.533,17.48,68.48,70.68
20.567,17.51,68.54,70.74
20.600,17.63,68.65,70.88
20.633,17.63,68.72,70.94
20.667,17.74,68.86,71.11
20.700,17.86,68.94,71.21
20.733,17.95,69.10,71.40
20.767,18.07,69.30,71.62
20.800,18.26,69.48,71.84
20.833,18.30,69.52,71.89
20.867,18.40,69.66,72.05
20.900,18.50,69.77,72.18
20.933,18.61,69.94,72.37
20.967,18.68,70.12,72.57
21.000,18.82,70.19,72.67
21.033,18.86,70.41,72.89
21.067,18.89,70.50,72.99
21.100,18.97,70.54,73.05
21.133,19.04,70.76,73.28
21.167,19.16,70.93,73.47
21.200,19.26,70.99,73.55
21.233,19.27,71.07,73.64
21.267,19.38,71.22,73.81
21.300,19.49,71.39,74.00
21.333,19.58,71.49,74.12
21.367,19.58,71.54,74.17
21.400,19.60,71.62,74.25
21.433,19.69,71.82,74.47
21.467,19.72,71.87,74.52
21.500,19.73,71.90,74.56
21.533,19.80,72.05,74.72
21.567,19.94,72.12,74.82
21.600,20.05,72.27,75.00
21.633,20.11,72.37,75.12
21.667,20.18,72.38,75.14
21.700,20.31,72.46,75.26
21.733,20.39,72.46,75.27
21.767,20.48,72.52,75.36
21.800,20.62,72.53,75.40
21.833,20.74,72.48,75.39
21.867,20.78,72.51,75.43
21.900,20.86,72.49,75.43
21.933,20.91,72.51,75.46
21.967,21.02,72.46,75.44
22.000,21.10,72.47,75.48
22.033,21.24,72.46,75.50
22.067,21.36,72.43,75.51
22.100,21.40,72.44,75.53
22.133,21.51,72.42,75.55
22.167,21.62,72.42,75.57
22.200,21.68,72.44,75.61
22.233,21.71,72.44,75.62
22.267,21.85,72.46,75.68
22.300,21.98,72.47,75.73
22.333,22.01,72.47,75.74
22.367,22.10,72.51,75.81
22.400,22.31,72.47,75.83
22.433,22.43,72.47,75.86
22.467,22.50,72.48,75.89
22.500,22.66,72.48,75.94
22.533,22.80,72.53,76.03
22.567,22.91,72.56,76.09
22.600,23.01,72.59,76.15
22.633,23.07,72.66,76.23
22.667,23.17,72.70,76.30
22.700,23.34,72.75,76.40
22.733,23.46,72.82,76.51
22.767,23.59,72.84,76.56
22.800,23.66,72.88,76.63
22.833,23.82,72.97,76.76
22.867,24.00,73.06,76.90
22.900,24.07,73.10,76.96
22.933,24.08,73.13,77.00
22.967,24.20,73.25,77.14
23.000,24.26,73.35,77.26
23.033,24.47,73.39,77.36
23.067,24.54,73.41,77.40
23.100,24.55,73.46,77.45
23.133,24.67,73.54,77.57
23.167,24.69,73.58,77.61
23.200,24.75,73.63,77.68
23.233,24.83,73.61,77.69
23.267,24.91,73.66,77.75
23.300,25.03,73.58,77.72
23.333,25.11,73.61,77.78
23.367,25.22,73.63,77.83
23.400,25.34,73.58,77.82
23.433,25.41,73.60,77.86
23.467,25.52,73.62,77.92
23.500,25.65,73.61,77.95
23.533,25.72,73.59,77.96
23.567,25.81,73.56,77.96
23.600,25.82,73.54,77.94
23.633,25.93,73.53,77.97
23.667,25.99,73.52,77.98
23.700,26.08,73.46,77.95
23.733,26.13,73.42,77.93
23.767,26.19,73.38,77.91
23.800,26.22,73.35,77.90
23.833,26.24,73.28,77.84
23.867,26.23,73.23,77.79
23.900,26.32,73.13,77.72
23.933,26.36,73.06,77.67
23.967,26.48,72.98,77.63
24.000,26.54,72.89,77.57
24.033,26.68,72.71,77.45
24.067,26.70,72.62,77.37
24.100,26.76,72.54,77.31
24.133,26.75,72.45,77.23
24.167,26.81,72.32,77.13
24.200,26.92,72.23,77.09
24.233,26.97,72.11,76.99
24.267,27.04,72.03,76.94
24.300,27.11,71.83,76.78
24.333,27.19,71.67,76.66
24.367,27.21,71.60,76.60
24.400,27.30,71.45,76.48
24.433,27.31,71.30,76.36
24.467,27.38,71.22,76.30
24.500,27.39,71.17,76.26
24.533,27.40,71.10,76.20
24.567,27.36,71.01,76.10
24.600,27.38,70.93,76.03
24.633,27.36,70.89,75.99
24.667,27.37,70.86,75.96
24.700,27.38,70.84,75.95
24.733,27.40,70.78,75.90
24.767,27.38,70.75,75.86
24.800,27.41,70.75,75.88
24.833,27.42,70.71,75.84
24.867,27.49,70.71,75.87
24.900,27.55,70.74,75.92
24.933,27.64,70.64,75.85
24.967,27.68,70.58,75.81
25.000,27.81,70.48,75.77
25.033,27.84,70.45,75.75
25.067,27.85,70.43,75.73
25.100,27.87,70.43,75.75
25.133,27.87,70.44,75.75
25.167,27.87,70.46,75.77
25.200,27.87,70.47,75.78
25.233,27.90,70.44,75.77
25.267,27.95,70.49,75.83
25.300,27.91,70.54,75.86
25.333,27.95,70.62,75.95
25.367,27.89,70.71,76.01
25.400,27.91,70.77,76.08
25.433,27.86,70.86,76.14
25.467,27.86,70.93,76.20
25.500,27.86,70.97,76.24
25.533,27.82,70.99,76.24
25.567,27.80,71.05,76.29
25.600,27.80,71.06,76.30
25.633,27.79,71.07,76.31
25.667,27.79,71.09,76.32
25.700,27.77,71.15,76.38
25.733,27.76,71.26,76.47
25.767,27.80,71.32,76.54
25.800,27.75,71.42,76.62
25.833,27.80,71.54,76.75
25.867,27.82,71.66,76.87
25.900,27.81,71.82,77.02
25.933,27.77,72.00,77.17
25.967,27.72,72.04,77.19
26.000,27.62,72.24,77.34
26.033,27.61,72.37,77.45
26.067,27.64,72.44,77.53
26.100,27.62,72.66,77.73
26.133,27.58,72.87,77.92
26.167,27.54,73.00,78.02
26.200,27.50,73.13,78.13
26.233,27.38,73.36,78.30
26.267,27.33,73.40,78.32
26.300,27.24,73.64,78.52
26.333,27.11,73.86,78.68
26.367,27.01,74.08,78.85
26.400,26.99,74.27,79.02
26.433,26.91,74.45,79.17
26.467,26.83,74.61,79.29
26.500,26.68,74.77,79.38
26.533,26.54,75.02,79.58
26.567,26.51,75.21,79.75
26.600,26.41,75.41,79.90
26.633,26.34,75.50,79.96
26.667,26.25,75.74,80.16
26.700,26.07,75.95,80.30
26.733,25.94,76.13,80.43
26.767,25.81,76.37,80.62
26.800,25.69,76.50,80.70
26.833,25.55,76.71,80.85
26.867,25.42,76.93,81.02
26.900,25.25,77.21,81.24
26.933,25.17,77.46,81.44
26.967,24.96,77.69,81.60
27.000,24.89,77.83,81.71
27.033,24.85,78.11,81.96
27.067,24.79,78.27,82.10
27.100,24.77,78.44,82.25
27.133,24.74,78.62,82.43
27.167,24.77,78.79,82.59
27.200,24.82,79.01,82.81
27.233,24.78,79.16,82.95
27.267,24.82,79.37,83.16
27.300,24.84,79.53,83.32
27.333,24.87,79.60,83.39
27.367,24.93,79.82,83.62
27.400,24.98,80.00,83.81
27.433,25.00,80.14,83.95
27.467,25.05,80.35,84.16
27.500,25.16,80.46,84.31
27.533,25.25,80.62,84.48
27.567,25.38,80.78,84.68
27.600,25.49,80.89,84.81
27.633,25.55,81.05,84.98
27.667,25.60,81.13,85.07
27.700,25.73,81.24,85.21
27.733,25.89,81.38,85.40
27.767,25.94,81.43,85.46
27.800,26.09,81.54,85.61
27.833,26.22,81.70,85.81
27.867,26.34,81.84,85.97
27.900,26.42,81.87,86.02
27.933,26.55,81.98,86.18
27.967,26.61,82.01,86.22
28.000,26.75,82.10,86.35
28.033,26.91,82.15,86.45
28.067,27.07,82.28,86.62
28.100,27.14,82.39,86.75
28.133,27.23,82.44,86.82
28.167,27.38,82.59,87.01
28.200,27.43,82.69,87.12
28.233,27.50,82.69,87.14
28.267,27.65,82.76,87.25
28.300,27.72,82.79,87.31
28.333,27.77,82.88,87.41
28.367,27.96,82.95,87.54
28.400,28.09,82.99,87.61
28.433,28.19,82.98,87.64
28.467,28.29,83.00,87.69
28.500,28.38,83.02,87.74
28.533,28.50,83.00,87.76
28.567,28.66,82.99,87.80
28.600,28.79,82.99,87.84
28.633,28.93,83.02,87.91
28.667,29.04,83.04,87.97
28.700,29.23,83.07,88.07
28.733,29.32,83.14,88.16
28.767,29.44,83.15,88.20
28.800,29.51,83.17,88.25
28.833,29.58,83.16,88.27
28.867,29.66,83.19,88.32
28.900,29.83,83.24,88.42
28.933,29.89,83.28,88.48
28.967,29.94,83.30,88.52
29.000,29.90,83.34,88.55
29.033,29.97,83.41,88.63
29.067,29.98,83.48,88.70
29.100,30.07,83.54,88.79
29.133,30.04,83.63,88.86
29.167,30.12,83.76,89.01
29.200,30.13,83.84,89.09
29.233,30.18,83.94,89.20
29.267,30.28,84.10,89.38
29.300,30.29,84.15,89.43
29.333,30.35,84.20,89.51
29.367,30.31,84.41,89.69
29.400,30.32,84.51,89.78
29.433,30.29,84.60,89.86
29.467,30.30,84.70,89.96
29.500,30.27,84.84,90.08
29.533,30.28,85.09,90.31
29.567,30.34,85.20,90.44
29.600,30.33,85.37,90.60
29.633,30.26,85.55,90.74
29.667,30.19,85.67,90.83
29.700,30.14,85.83,90.97
29.733,30.03,86.01,91.10
29.767,29.98,86.17,91.23
29.800,29.86,86.33,91.34
29.833,29.71,86.47,91.43
29.867,29.59,86.63,91.55
29.900,29.50,86.76,91.64
29.933,29.35,86.89,91.71
29.967,29.27,87.01,91.80
30.000,28.66,85.66,90.32
