0.000,-28.28,19.89,34.58
0.033,-28.35,19.88,34.63
0.067,-28.08,19.69,34.30
0.100,-28.18,19.55,34.30
0.133,-28.27,19.44,34.31
0.167,-28.19,19.22,34.12
0.200,-28.24,19.22,34.16
0.233,-28.19,19.08,34.04
0.267,-28.16,18.96,33.95
0.300,-28.22,18.99,34.02
0.333,-28.20,18.79,33.89
0.367,-28.19,18.78,33.87
0.400,-28.19,18.76,33.86
0.433,-28.12,18.61,33.72
0.467,-28.17,18.60,33.76
0.500,-28.16,18.55,33.72
0.533,-28.13,18.43,33.63
0.567,-28.15,18.50,33.68
0.600,-28.09,18.30,33.53
0.633,-28.12,18.30,33.55
0.667,-28.14,18.30,33.56
0.700,-28.11,18.12,33.44
0.733,-28.14,18.15,33.49
0.767,-28.09,18.04,33.38
0.800,-28.13,17.94,33.36
0.833,-28.14,17.99,33.40
0.867,-28.10,17.82,33.27
0.900,-28.12,17.83,33.30
0.933,-28.15,17.79,33.30
0.967,-28.09,17.69,33.20
1.000,-28.12,17.71,33.24
1.033,-28.09,17.55,33.13
1.067,-28.12,17.54,33.14
1.100,-28.13,17.52,33.14
1.133,-28.08,17.42,33.04
1.167,-28.16,17.44,33.12
1.200,-28.07,17.36,33.01
1.233,-28.09,17.35,33.01
1.267,-28.12,17.35,33.04
1.300,-28.12,17.28,33.00
1.333,-28.13,17.31,33.02
1.367,-28.12,17.30,33.02
1.400,-28.12,17.31,33.03
1.433,-28.12,17.32,33.03
1.467,-28.13,17.32,33.03
1.500,-28.13,17.33,33.04
1.533,-28.12,17.33,33.03
1.567,-28.12,17.33,33.04
1.600,-28.09,17.37,33.03
1.633,-28.07,17.41,33.02
1.667,-28.12,17.43,33.08
1.700,-28.10,17.49,33.10
1.733,-28.09,17.54,33.12
1.767,-28.07,17.59,33.13
1.800,-28.11,17.66,33.20
1.833,-28.10,17.70,33.21
1.867,-28.12,17.77,33.27
1.900,-28.09,17.86,33.29
1.933,-28.13,17.94,33.36
1.967,-28.12,18.08,33.43
2.000,-28.08,18.16,33.44
2.033,-28.10,18.28,33.53
2.067,-28.12,18.41,33.61
2.100,-28.08,18.50,33.62
2.133,-28.09,18.66,33.72
2.167,-28.10,18.72,33.77
2.200,-28.11,18.88,33.86
2.233,-28.11,19.05,33.96
2.267,-28.07,19.17,33.99
2.300,-28.15,19.34,34.15
2.333,-28.12,19.52,34.23
2.367,-28.07,19.64,34.26
2.400,-28.10,19.80,34.37
2.433,-28.07,19.93,34.43
2.467,-28.13,20.21,34.64
2.500,-28.17,20.39,34.78
2.533,-28.16,20.54,34.86
2.567,-28.24,20.80,35.07
2.600,-28.27,21.11,35.28
2.633,-28.29,21.54,35.56
2.667,-28.32,21.73,35.70
2.700,-28.27,22.03,35.84
2.733,-28.36,22.28,36.07
2.767,-28.31,22.46,36.14
2.800,-28.33,22.61,36.24
2.833,-28.39,22.89,36.47
2.867,-28.42,23.02,36.57
2.900,-28.37,23.15,36.61
2.933,-28.40,23.26,36.71
2.967,-28.43,23.44,36.85
3.000,-28.45,23.61,36.97
3.033,-28.44,23.75,37.06
3.067,-28.47,23.92,37.19
3.100,-28.48,24.02,37.26
3.133,-28.46,24.24,37.39
3.167,-28.49,24.39,37.50
3.200,-28.50,24.50,37.58
3.233,-28.50,24.61,37.66
3.267,-28.45,24.64,37.64
3.300,-28.50,24.75,37.74
3.333,-28.44,24.83,37.75
3.367,-28.47,24.90,37.82
3.400,-28.43,24.99,37.85
3.433,-28.38,25.04,37.85
3.467,-28.45,25.13,37.96
3.500,-28.48,25.22,38.05
3.533,-28.44,25.31,38.07
3.567,-28.47,25.39,38.14
3.600,-28.44,25.44,38.16
3.633,-28.41,25.39,38.10
3.667,-28.38,25.48,38.14
3.700,-28.40,25.49,38.16
3.733,-28.39,25.51,38.17
3.767,-28.47,25.55,38.25
3.800,-28.46,25.57,38.26
3.833,-28.45,25.59,38.26
3.867,-28.45,25.59,38.26
3.900,-28.45,25.59,38.26
3.933,-28.45,25.59,38.26
3.967,-28.45,25.59,38.26
4.000,-28.45,25.60,38.27
4.033,-28.44,25.60,38.27
4.067,-28.35,25.50,38.13
4.100,-28.40,25.50,38.17
4.133,-28.44,25.44,38.15
4.167,-28.46,25.38,38.14
4.200,-28.41,25.37,38.09
4.233,-28.42,25.27,38.02
4.267,-28.48,25.28,38.08
4.300,-28.47,25.22,38.03
4.333,-28.42,25.21,37.99
4.367,-28.45,25.16,37.98
4.400,-28.43,25.04,37.89
4.433,-28.44,25.02,37.88
4.467,-28.46,24.95,37.85
4.500,-28.48,24.90,37.83
4.533,-28.44,24.88,37.78
4.567,-28.48,24.75,37.73
4.600,-28.47,24.77,37.74
4.633,-28.44,24.69,37.66
4.667,-28.45,24.62,37.63
4.700,-28.48,24.60,37.63
4.733,-28.45,24.48,37.53
4.767,-28.47,24.47,37.54
4.800,-28.44,24.39,37.47
4.833,-28.45,24.34,37.44
4.867,-28.47,24.29,37.42
4.900,-28.43,24.21,37.34
4.933,-28.47,24.15,37.33
4.967,-28.44,24.09,37.27
5.000,-28.44,24.05,37.24
5.033,-28.47,23.97,37.22
5.067,-28.42,23.94,37.16
5.100,-28.44,23.89,37.14
5.133,-28.46,23.84,37.12
5.167,-28.46,23.81,37.11
5.200,-28.42,23.78,37.06
5.233,-28.44,23.72,37.03
5.267,-28.45,23.68,37.02
5.300,-28.47,23.64,37.00
5.333,-28.47,23.64,37.00
5.367,-28.48,23.63,37.00
5.400,-28.42,23.61,36.95
5.433,-28.44,23.56,36.93
5.467,-28.45,23.53,36.92
5.500,-28.45,23.51,36.91
5.533,-28.46,23.50,36.91
5.567,-28.46,23.49,36.91
5.600,-28.47,23.48,36.90
5.633,-28.47,23.48,36.90
5.667,-28.47,23.47,36.90
5.700,-28.47,23.47,36.90
5.733,-28.42,23.46,36.86
5.767,-28.43,23.44,36.85
5.800,-28.43,23.42,36.84
5.833,-28.44,23.41,36.83
5.867,-28.45,23.39,36.83
5.900,-28.46,23.37,36.83
5.933,-28.47,23.34,36.81
5.967,-28.42,23.31,36.76
6.000,-28.43,23.28,36.75
6.033,-28.43,23.27,36.74
6.067,-28.44,23.26,36.74
6.100,-28.44,23.25,36.73
6.133,-28.44,23.24,36.73
6.167,-28.45,23.24,36.73
6.200,-28.45,23.24,36.73
6.233,-28.45,23.24,36.73
6.267,-28.45,23.24,36.73
6.300,-28.45,23.24,36.73
6.333,-28.45,23.23,36.73
6.367,-28.45,23.23,36.73
6.400,-28.44,23.23,36.72
6.433,-28.44,23.23,36.72
6.467,-28.44,23.23,36.72
6.500,-28.44,23.23,36.73
6.533,-28.44,23.23,36.72
6.567,-28.44,23.23,36.72
6.600,-28.44,23.23,36.72
6.633,-28.44,23.22,36.72
6.667,-28.44,23.22,36.72
6.700,-28.44,23.23,36.72
6.733,-28.44,23.23,36.72
6.767,-28.44,23.23,36.72
6.800,-28.44,23.23,36.72
6.833,-28.44,23.23,36.72
6.867,-28.44,23.23,36.72
6.900,-28.44,23.23,36.72
6.933,-28.44,23.23,36.72
6.967,-28.44,23.23,36.72
7.000,-28.44,23.23,36.72
7.033,-28.44,23.23,36.72
7.067,-28.44,23.23,36.72
7.100,-28.44,23.23,36.72
7.133,-28.44,23.23,36.72
7.167,-28.44,23.23,36.72
7.200,-28.44,23.23,36.72
7.233,-28.44,23.23,36.72
7.267,-28.44,23.23,36.72
7.300,-28.44,23.23,36.72
7.333,-28.44,23.23,36.72
7.367,-28.44,23.23,36.72
7.400,-28.44,23.23,36.72
7.433,-28.44,23.23,36.72
7.467,-28.44,23.23,36.72
7.500,-28.44,23.23,36.72
7.533,-28.44,23.23,36.72
7.567,-28.44,23.23,36.72
7.600,-28.43,23.23,36.71
7.633,-28.43,23.23,36.71
7.667,-28.43,23.23,36.71
7.700,-28.43,23.23,36.72
7.733,-28.44,23.23,36.72
7.767,-28.44,23.23,36.72
7.800,-28.44,23.23,36.72
7.833,-28.44,23.23,36.72
7.867,-28.44,23.23,36.72
7.900,-28.44,23.23,36.72
7.933,-28.44,23.23,36.72
7.967,-28.44,23.23,36.72
8.000,-28.44,23.23,36.72
8.033,-28.44,23.23,36.72
8.067,-28.44,23.23,36.72
8.100,-28.44,23.23,36.72
8.133,-28.44,23.23,36.72
8.167,-28.44,23.23,36.72
8.200,-28.44,23.23,36.72
8.233,-28.44,23.23,36.72
8.267,-28.44,23.23,36.72
8.300,-28.44,23.23,36.72
8.333,-28.45,23.22,36.72
8.367,-28.45,23.22,36.72
8.400,-28.45,23.22,36.72
8.433,-28.45,23.22,36.72
8.467,-28.45,23.23,36.72
8.500,-28.45,23.23,36.72
8.533,-28.45,23.23,36.72
8.567,-28.45,23.23,36.72
8.600,-28.44,23.23,36.72
8.633,-28.45,23.23,36.72
8.667,-28.45,23.23,36.72
8.700,-28.45,23.22,36.72
8.733,-28.45,23.22,36.72
8.767,-28.44,23.22,36.72
8.800,-28.44,23.22,36.72
8.833,-28.44,23.23,36.72
8.867,-28.45,23.23,36.72
8.900,-28.44,23.23,36.72
8.933,-28.44,23.23,36.72
8.967,-28.45,23.23,36.73
9.000,-28.45,23.23,36.72
9.033,-28.45,23.23,36.72
9.067,-28.45,23.23,36.72
9.100,-28.45,23.23,36.72
9.133,-28.45,23.23,36.72
9.167,-28.45,23.23,36.72
9.200,-28.45,23.23,36.72
9.233,-28.45,23.23,36.72
9.267,-28.45,23.23,36.72
9.300,-28.45,23.23,36.72
9.333,-28.45,23.23,36.72
9.367,-28.45,23.23,36.72
9.400,-28.45,23.23,36.72
9.433,-28.44,23.23,36.72
9.467,-28.44,23.23,36.72
9.500,-28.44,23.23,36.72
9.533,-28.44,23.23,36.72
9.567,-28.44,23.23,36.72
9.600,-28.44,23.23,36.72
9.633,-28.44,23.23,36.72
9.667,-28.44,23.23,36.73
9.700,-28.44,23.23,36.72
9.733,-28.43,23.23,36.72
9.767,-28.44,23.23,36.72
9.800,-28.44,23.23,36.72
9.833,-28.44,23.23,36.72
9.867,-28.44,23.23,36.72
9.900,-28.45,23.22,36.72
9.933,-28.45,23.22,36.72
9.967,-28.45,23.22,36.72
10.000,-28.45,23.22,36.72
10.033,-28.45,23.22,36.72
10.067,-28.45,23.22,36.72
10.100,-28.44,23.22,36.72
10.133,-28.44,23.22,36.72
10.167,-28.44,23.22,36.72
10.200,-28.44,23.22,36.72
10.233,-28.45,23.22,36.72
10.267,-28.45,23.22,36.72
10.300,-28.44,23.22,36.72
10.333,-28.44,23.22,36.72
10.367,-28.44,23.22,36.72
10.400,-28.44,23.23,36.72
10.433,-28.44,23.23,36.72
10.467,-28.44,23.23,36.72
10.500,-28.44,23.23,36.72
10.533,-28.44,23.22,36.72
10.567,-28.44,23.22,36.72
10.600,-28.44,23.22,36.72
10.633,-28.44,23.23,36.72
10.667,-28.44,23.23,36.72
10.700,-28.44,23.23,36.72
10.733,-28.44,23.23,36.72
10.767,-28.44,23.23,36.72
10.800,-28.44,23.23,36.72
10.833,-28.44,23.23,36.72
10.867,-28.44,23.23,36.72
10.900,-28.44,23.23,36.72
10.933,-28.44,23.23,36.72
10.967,-28.45,23.23,36.72
11.000,-28.45,23.23,36.73
11.033,-28.45,23.23,36.73
11.067,-28.45,23.23,36.73
11.100,-28.45,23.23,36.72
11.133,-28.45,23.23,36.72
11.167,-28.44,23.23,36.72
11.200,-28.44,23.23,36.72
11.233,-28.44,23.23,36.72
11.267,-28.44,23.23,36.72
11.300,-28.43,23.23,36.71
11.333,-28.43,23.23,36.71
11.367,-28.43,23.23,36.71
11.400,-28.43,23.23,36.72
11.433,-28.44,23.23,36.72
11.467,-28.44,23.22,36.72
11.500,-28.44,23.22,36.72
11.533,-28.44,23.23,36.72
11.567,-28.44,23.23,36.72
11.600,-28.44,23.23,36.72
11.633,-28.44,23.23,36.72
11.667,-28.44,23.23,36.72
11.700,-28.44,23.23,36.72
11.733,-28.44,23.23,36.72
11.767,-28.44,23.23,36.72
11.800,-28.45,23.23,36.72
11.833,-28.44,23.23,36.72
11.867,-28.44,23.23,36.72
11.900,-28.44,23.23,36.72
11.933,-28.44,23.23,36.72
11.967,-28.44,23.23,36.72
12.000,-28.44,23.23,36.72
12.033,-28.44,23.23,36.72
12.067,-28.44,23.23,36.72
12.100,-28.44,23.23,36.72
12.133,-28.44,23.23,36.72
12.167,-28.44,23.23,36.72
12.200,-28.44,23.23,36.72
12.233,-28.44,23.23,36.72
12.267,-28.44,23.23,36.72
12.300,-28.44,23.23,36.72
12.333,-28.44,23.23,36.72
12.367,-28.44,23.23,36.72
12.400,-28.44,23.23,36.72
12.433,-28.44,23.23,36.72
12.467,-28.44,23.23,36.72
12.500,-28.44,23.23,36.72
12.533,-28.44,23.23,36.72
12.567,-28.44,23.23,36.72
12.600,-28.44,23.23,36.72
12.633,-28.45,23.22,36.72
12.667,-28.45,23.22,36.72
12.700,-28.45,23.22,36.72
12.733,-28.45,23.22,36.72
12.767,-28.45,23.22,36.72
12.800,-28.45,23.22,36.72
12.833,-28.45,23.22,36.72
12.867,-28.45,23.22,36.72
12.900,-28.45,23.22,36.72
12.933,-28.45,23.22,36.72
12.967,-28.45,23.22,36.72
13.000,-28.45,23.22,36.72
13.033,-28.45,23.22,36.72
13.067,-28.45,23.22,36.72
13.100,-28.45,23.22,36.72
13.133,-28.45,23.22,36.72
13.167,-28.45,23.22,36.72
13.200,-28.45,23.22,36.72
13.233,-28.45,23.22,36.72
13.267,-28.45,23.22,36.72
13.300,-28.45,23.22,36.72
13.333,-28.45,23.22,36.72
13.367,-28.45,23.22,36.72
13.400,-28.45,23.22,36.72
13.433,-28.45,23.22,36.72
13.467,-28.45,23.22,36.72
13.500,-28.45,23.22,36.72
13.533,-28.45,23.22,36.72
13.567,-28.45,23.22,36.72
13.600,-28.45,23.22,36.72
13.633,-28.45,23.22,36.72
13.667,-28.45,23.22,36.72
13.700,-28.45,23.22,36.72
13.733,-28.45,23.22,36.72
13.767,-28.45,23.22,36.72
13.800,-28.45,23.22,36.72
13.833,-28.45,23.22,36.72
13.867,-28.45,23.22,36.72
13.900,-28.45,23.22,36.72
13.933,-28.45,23.22,36.72
13.967,-28.45,23.22,36.72
14.000,-28.45,23.22,36.72
14.033,-28.45,23.22,36.72
14.067,-28.45,23.22,36.72
14.100,-28.45,23.22,36.72
14.133,-28.45,23.22,36.72
14.167,-28.45,23.22,36.72
14.200,-28.45,23.22,36.72
14.233,-28.45,23.22,36.72
14.267,-28.45,23.22,36.72
14.300,-28.45,23.22,36.72
14.333,-28.45,23.22,36.72
14.367,-28.45,23.22,36.72
14.400,-28.45,23.22,36.72
14.433,-28.45,23.22,36.72
14.467,-28.45,23.22,36.72
14.500,-28.45,23.22,36.72
14.533,-28.45,23.22,36.72
14.567,-28.45,23.22,36.72
14.600,-28.45,23.22,36.72
14.633,-28.45,23.22,36.72
14.667,-28.45,23.22,36.72
14.700,-28.45,23.22,36.72
14.733,-28.45,23.22,36.72
14.767,-28.44,23.23,36.72
14.800,-28.44,23.23,36.72
14.833,-28.44,23.23,36.72
14.867,-28.44,23.23,36.72
14.900,-28.44,23.23,36.72
14.933,-28.44,23.23,36.72
14.967,-28.44,23.23,36.72
15.000,-28.44,23.23,36.72
15.033,-28.44,23.23,36.72
15.067,-28.44,23.23,36.72
15.100,-28.43,23.23,36.72
15.133,-28.43,23.23,36.72
15.167,-28.44,23.23,36.72
15.200,-28.44,23.23,36.72
15.233,-28.44,23.23,36.72
15.267,-28.44,23.23,36.72
15.300,-28.44,23.23,36.72
15.333,-28.44,23.23,36.72
15.367,-28.44,23.23,36.72
15.400,-28.44,23.23,36.72
15.433,-28.44,23.23,36.72
15.467,-28.44,23.23,36.72
15.500,-28.44,23.23,36.72
15.533,-28.44,23.23,36.72
15.567,-28.44,23.23,36.72
15.600,-28.44,23.23,36.72
15.633,-28.44,23.23,36.72
15.667,-28.44,23.23,36.72
15.700,-28.44,23.23,36.72
15.733,-28.44,23.23,36.72
15.767,-28.44,23.23,36.72
15.800,-28.44,23.23,36.72
15.833,-28.44,23.23,36.72
15.867,-28.44,23.23,36.72
15.900,-28.44,23.23,36.72
15.933,-28.44,23.23,36.72
15.967,-28.44,23.23,36.72
16.000,-28.44,23.23,36.72
16.033,-28.44,23.23,36.72
16.067,-28.44,23.23,36.72
16.100,-28.44,23.23,36.72
16.133,-28.44,23.23,36.72
16.167,-28.44,23.23,36.72
16.200,-28.44,23.23,36.72
16.233,-28.44,23.23,36.72
16.267,-28.44,23.23,36.72
16.300,-28.44,23.23,36.72
16.333,-28.44,23.23,36.72
16.367,-28.44,23.23,36.72
16.400,-28.44,23.23,36.72
16.433,-28.44,23.23,36.72
16.467,-28.44,23.23,36.72
16.500,-28.43,23.23,36.72
16.533,-28.43,23.23,36.72
16.567,-28.43,23.23,36.72
16.600,-28.43,23.23,36.72
16.633,-28.43,23.23,36.72
16.667,-28.44,23.22,36.72
16.700,-28.44,23.22,36.72
16.733,-28.44,23.23,36.72
16.767,-28.44,23.23,36.72
16.800,-28.44,23.23,36.72
16.833,-28.44,23.23,36.72
16.867,-28.44,23.23,36.72
16.900,-28.44,23.23,36.72
16.933,-28.44,23.23,36.72
16.967,-28.44,23.23,36.72
17.000,-28.44,23.23,36.72
17.033,-28.44,23.23,36.72
17.067,-28.44,23.23,36.72
17.100,-28.44,23.23,36.72
17.133,-28.44,23.23,36.72
17.167,-28.44,23.23,36.72
17.200,-28.44,23.23,36.72
17.233,-28.44,23.23,36.72
17.267,-28.44,23.22,36.72
17.300,-28.44,23.22,36.72
17.333,-28.44,23.23,36.72
17.367,-28.44,23.23,36.72
17.400,-28.44,23.23,36.72
17.433,-28.44,23.23,36.72
17.467,-28.44,23.23,36.72
17.500,-28.44,23.23,36.72
17.533,-28.44,23.23,36.72
17.567,-28.44,23.23,36.72
17.600,-28.44,23.23,36.72
17.633,-28.44,23.23,36.72
17.667,-28.44,23.23,36.72
17.700,-28.44,23.23,36.72
17.733,-28.44,23.23,36.72
17.767,-28.44,23.22,36.72
17.800,-28.44,23.23,36.72
17.833,-28.44,23.23,36.72
17.867,-28.44,23.22,36.72
17.900,-28.45,23.22,36.72
17.933,-28.44,23.22,36.72
17.967,-28.46,23.22,36.73
18.000,-28.45,23.22,36.72
18.033,-28.44,23.22,36.72
18.067,-28.44,23.22,36.72
18.100,-28.44,23.22,36.72
18.133,-28.45,23.22,36.72
18.167,-28.45,23.22,36.72
18.200,-28.45,23.22,36.72
18.233,-28.45,23.23,36.72
18.267,-28.45,23.22,36.72
18.300,-28.45,23.22,36.72
18.333,-28.45,23.22,36.72
18.367,-28.45,23.22,36.72
18.400,-28.44,23.23,36.72
18.433,-28.44,23.23,36.72
18.467,-28.44,23.23,36.72
18.500,-28.44,23.23,36.72
18.533,-28.44,23.23,36.72
18.567,-28.44,23.23,36.72
18.600,-28.44,23.23,36.72
18.633,-28.44,23.23,36.72
18.667,-28.44,23.23,36.72
18.700,-28.44,23.23,36.72
18.733,-28.44,23.23,36.72
18.767,-28.44,23.23,36.72
18.800,-28.44,23.23,36.72
18.833,-28.44,23.23,36.72
18.867,-28.44,23.23,36.72
18.900,-28.44,23.23,36.72
18.933,-28.44,23.23,36.72
18.967,-28.44,23.23,36.72
19.000,-28.44,23.23,36.72
19.033,-28.44,23.23,36.72
19.067,-28.44,23.22,36.72
19.100,-28.44,23.22,36.72
19.133,-28.45,23.22,36.72
19.167,-28.44,23.22,36.72
19.200,-28.44,23.22,36.72
19.233,-28.44,23.22,36.72
19.267,-28.44,23.22,36.72
19.300,-28.44,23.22,36.72
19.333,-28.44,23.22,36.72
19.367,-28.44,23.22,36.72
19.400,-28.44,23.22,36.72
19.433,-28.44,23.22,36.72
19.467,-28.45,23.22,36.72
19.500,-28.45,23.22,36.72
19.533,-28.45,23.22,36.72
19.567,-28.44,23.22,36.72
19.600,-28.44,23.22,36.72
19.633,-28.44,23.22,36.72
19.667,-28.44,23.22,36.72
19.700,-28.45,23.22,36.72
19.733,-28.44,23.22,36.72
19.767,-28.44,23.22,36.72
19.800,-28.44,23.22,36.72
19.833,-28.44,23.23,36.72
19.867,-28.44,23.23,36.72
19.900,-28.44,23.23,36.72
19.933,-28.44,23.23,36.72
19.967,-28.44,23.23,36.72
20.000,-28.44,23.23,36.72
20.033,-28.44,23.23,36.72
20.067,-28.44,23.23,36.72
20.100,-28.44,23.23,36.72
20.133,-28.44,23.23,36.72
20.167,-28.44,23.23,36.72
20.200,-28.44,23.23,36.72
20.233,-28.44,23.23,36.72
20.267,-28.44,23.23,36.72
20.300,-28.44,23.23,36.72
20.333,-28.44,23.23,36.72
20.367,-28.44,23.23,36.72
20.400,-28.44,23.23,36.72
20.433,-28.44,23.23,36.72
20.467,-28.44,23.23,36.72
20.500,-28.44,23.23,36.72
20.533,-28.44,23.23,36.72
20.567,-28.44,23.23,36.72
20.600,-28.44,23.23,36.72
20.633,-28.44,23.23,36.72
20.667,-28.44,23.23,36.72
20.700,-28.44,23.23,36.72
20.733,-28.44,23.23,36.72
20.767,-28.44,23.23,36.72
20.800,-28.44,23.23,36.72
20.833,-28.44,23.23,36.72
20.867,-28.44,23.23,36.72
20.900,-28.45,23.22,36.72
20.933,-28.45,23.22,36.72
20.967,-28.45,23.23,36.72
21.000,-28.45,23.23,36.73
21.033,-28.45,23.23,36.73
21.067,-28.45,23.22,36.73
21.100,-28.46,23.22,36.73
21.133,-28.47,23.22,36.74
21.167,-28.47,23.22,36.73
21.200,-28.46,23.22,36.73
21.233,-28.45,23.22,36.73
21.267,-28.45,23.22,36.73
21.300,-28.45,23.23,36.72
21.333,-28.45,23.22,36.72
21.367,-28.45,23.22,36.72
21.400,-28.45,23.22,36.72
21.433,-28.45,23.22,36.72
21.467,-28.45,23.22,36.72
21.500,-28.45,23.22,36.72
21.533,-28.45,23.22,36.72
21.567,-28.45,23.22,36.72
21.600,-28.45,23.22,36.72
21.633,-28.45,23.22,36.72
21.667,-28.45,23.22,36.72
21.700,-28.45,23.22,36.72
21.733,-28.45,23.22,36.72
21.767,-28.45,23.22,36.72
21.800,-28.45,23.22,36.72
21.833,-28.45,23.22,36.72
21.867,-28.45,23.22,36.72
21.900,-28.45,23.22,36.72
21.933,-28.45,23.22,36.72
21.967,-28.45,23.22,36.72
22.000,-28.45,23.22,36.72
22.033,-28.45,23.22,36.72
22.067,-28.45,23.22,36.72
22.100,-28.45,23.22,36.72
22.133,-28.45,23.22,36.72
22.167,-28.45,23.22,36.72
22.200,-28.45,23.22,36.72
22.233,-28.45,23.22,36.72
22.267,-28.44,23.22,36.72
22.300,-28.44,23.22,36.72
22.333,-28.44,23.22,36.72
22.367,-28.44,23.22,36.72
22.400,-28.44,23.23,36.72
22.433,-28.44,23.22,36.72
22.467,-28.44,23.23,36.72
22.500,-28.44,23.23,36.72
22.533,-28.44,23.23,36.72
22.567,-28.44,23.23,36.72
22.600,-28.44,23.23,36.72
22.633,-28.44,23.23,36.72
22.667,-28.44,23.23,36.72
22.700,-28.44,23.23,36.72
22.733,-28.44,23.23,36.72
22.767,-28.44,23.23,36.72
22.800,-28.44,23.23,36.72
22.833,-28.44,23.23,36.72
22.867,-28.44,23.23,36.72
22.900,-28.44,23.23,36.72
22.933,-28.44,23.23,36.72
22.967,-28.44,23.23,36.72
23.000,-28.44,23.23,36.72
23.033,-28.44,23.23,36.72
23.067,-28.44,23.23,36.72
23.100,-28.44,23.23,36.72
23.133,-28.44,23.23,36.72
23.167,-28.44,23.23,36.72
23.200,-28.44,23.23,36.72
23.233,-28.44,23.23,36.72
23.267,-28.44,23.23,36.72
23.300,-28.44,23.23,36.72
23.333,-28.44,23.23,36.72
23.367,-28.44,23.23,36.72
23.400,-28.44,23.23,36.72
23.433,-28.44,23.23,36.72
23.467,-28.44,23.23,36.72
23.500,-28.44,23.23,36.72
23.533,-28.44,23.23,36.72
23.567,-28.44,23.23,36.72
23.600,-28.44,23.23,36.72
23.633,-28.44,23.23,36.72
23.667,-28.44,23.23,36.72
23.700,-28.44,23.23,36.72
23.733,-28.44,23.23,36.72
23.767,-28.44,23.23,36.72
23.800,-28.44,23.23,36.72
23.833,-28.44,23.23,36.72
23.867,-28.44,23.23,36.72
23.900,-28.44,23.23,36.72
23.933,-28.44,23.23,36.72
23.967,-28.44,23.23,36.72
24.000,-28.44,23.23,36.72
24.033,-28.44,23.23,36.72
24.067,-28.44,23.23,36.72
24.100,-28.44,23.23,36.72
24.133,-28.44,23.23,36.72
24.167,-28.44,23.23,36.72
24.200,-28.44,23.23,36.72
24.233,-28.44,23.23,36.72
24.267,-28.44,23.23,36.72
24.300,-28.44,23.23,36.72
24.333,-28.44,23.23,36.72
24.367,-28.44,23.23,36.72
24.400,-28.44,23.23,36.72
24.433,-28.44,23.23,36.72
24.467,-28.44,23.23,36.72
24.500,-28.44,23.23,36.72
24.533,-28.44,23.23,36.72
24.567,-28.44,23.23,36.72
24.600,-28.44,23.23,36.72
24.633,-28.44,23.23,36.72
24.667,-28.44,23.22,36.72
24.700,-28.45,23.22,36.72
24.733,-28.45,23.22,36.72
24.767,-28.45,23.22,36.72
24.800,-28.45,23.22,36.72
24.833,-28.45,23.23,36.72
24.867,-28.45,23.23,36.72
24.900,-28.45,23.23,36.72
24.933,-28.45,23.23,36.72
24.967,-28.45,23.23,36.72
25.000,-28.45,23.22,36.72
25.033,-28.45,23.22,36.72
25.067,-28.45,23.22,36.72
25.100,-28.44,23.22,36.72
25.133,-28.44,23.22,36.72
25.167,-28.44,23.22,36.72
25.200,-28.44,23.22,36.72
25.233,-28.44,23.22,36.72
25.267,-28.44,23.22,36.72
25.300,-28.44,23.22,36.72
25.333,-28.44,23.22,36.72
25.367,-28.44,23.22,36.72
25.400,-28.44,23.22,36.72
25.433,-28.44,23.22,36.72
25.467,-28.44,23.22,36.72
25.500,-28.44,23.22,36.72
25.533,-28.44,23.22,36.72
25.567,-28.44,23.23,36.72
25.600,-28.44,23.22,36.72
25.633,-28.44,23.22,36.72
25.667,-28.44,23.22,36.72
25.700,-28.44,23.22,36.72
25.733,-28.44,23.22,36.72
25.767,-28.44,23.22,36.72
25.800,-28.44,23.22,36.72
25.833,-28.45,23.23,36.72
25.867,-28.44,23.23,36.72
25.900,-28.45,23.23,36.72
25.933,-28.45,23.23,36.73
25.967,-28.44,23.23,36.72
26.000,-28.44,23.23,36.72
26.033,-28.44,23.23,36.72
26.067,-28.44,23.23,36.72
26.100,-28.44,23.23,36.72
26.133,-28.44,23.23,36.72
26.167,-28.44,23.23,36.72
26.200,-28.44,23.23,36.72
26.233,-28.44,23.23,36.72
26.267,-28.44,23.23,36.72
26.300,-28.44,23.23,36.72
26.333,-28.44,23.23,36.72
26.367,-28.44,23.23,36.72
26.400,-28.44,23.23,36.72
26.433,-28.44,23.23,36.72
26.467,-28.44,23.23,36.72
26.500,-28.44,23.23,36.72
26.533,-28.44,23.23,36.72
26.567,-28.44,23.23,36.72
26.600,-28.44,23.23,36.72
26.633,-28.44,23.23,36.72
26.667,-28.44,23.23,36.72
26.700,-28.44,23.23,36.72
26.733,-28.44,23.23,36.72
26.767,-28.44,23.23,36.72
26.800,-28.44,23.23,36.72
26.833,-28.44,23.23,36.72
26.867,-28.44,23.23,36.72
26.900,-28.44,23.23,36.72
26.933,-28.44,23.23,36.72
26.967,-28.45,23.23,36.72
27.000,-28.44,23.23,36.72
27.033,-28.45,23.23,36.72
27.067,-28.45,23.23,36.72
27.100,-28.45,23.22,36.72
27.133,-28.45,23.22,36.72
27.167,-28.45,23.22,36.72
27.200,-28.45,23.22,36.72
27.233,-28.45,23.22,36.72
27.267,-28.45,23.22,36.72
27.300,-28.45,23.22,36.73
27.333,-28.45,23.22,36.73
27.367,-28.45,23.22,36.73
27.400,-28.45,23.22,36.73
27.433,-28.45,23.22,36.73
27.467,-28.45,23.22,36.73
27.500,-28.45,23.22,36.73
27.533,-28.45,23.22,36.73
27.567,-28.45,23.22,36.73
27.600,-28.45,23.22,36.73
27.633,-28.45,23.22,36.73
27.667,-28.45,23.22,36.73
27.700,-28.45,23.23,36.73
27.733,-28.45,23.22,36.73
27.767,-28.46,23.22,36.73
27.800,-28.45,23.22,36.72
27.833,-28.45,23.22,36.73
27.867,-28.45,23.22,36.73
27.900,-28.45,23.22,36.73
27.933,-28.45,23.22,36.73
27.967,-28.45,23.22,36.73
28.000,-28.45,23.22,36.73
28.033,-28.45,23.22,36.73
28.067,-28.45,23.22,36.73
28.100,-28.45,23.22,36.73
28.133,-28.45,23.22,36.73
28.167,-28.45,23.22,36.72
28.200,-28.45,23.22,36.72
28.233,-28.45,23.22,36.73
28.267,-28.45,23.22,36.73
28.300,-28.45,23.22,36.73
28.333,-28.45,23.22,36.73
28.367,-28.45,23.22,36.73
28.400,-28.45,23.22,36.73
28.433,-28.45,23.22,36.73
28.467,-28.45,23.22,36.73
28.500,-28.45,23.22,36.72
28.533,-28.45,23.21,36.72
28.567,-28.45,23.21,36.72
28.600,-28.46,23.21,36.72
28.633,-28.45,23.21,36.72
28.667,-28.45,23.22,36.72
28.700,-28.44,23.22,36.72
28.733,-28.44,23.23,36.72
28.767,-28.44,23.23,36.72
28.800,-28.44,23.23,36.72
28.833,-28.44,23.23,36.72
28.867,-28.44,23.23,36.72
28.900,-28.44,23.22,36.72
28.933,-28.44,23.22,36.72
28.967,-28.44,23.22,36.72
29.000,-28.44,23.22,36.72
29.033,-28.44,23.22,36.72
29.067,-28.44,23.22,36.72
29.100,-28.44,23.22,36.72
29.133,-28.44,23.22,36.72
29.167,-28.44,23.22,36.72
29.200,-28.45,23.22,36.72
29.233,-28.45,23.22,36.72
29.267,-28.45,23.22,36.72
29.300,-28.44,23.23,36.72
29.333,-28.44,23.22,36.72
29.367,-28.44,23.22,36.72
29.400,-28.44,23.22,36.72
29.433,-28.44,23.22,36.72
29.467,-28.44,23.22,36.72
29.500,-28.44,23.22,36.72
29.533,-28.45,23.23,36.72
29.567,-28.44,23.23,36.72
29.600,-28.44,23.23,36.72
29.633,-28.44,23.23,36.72
29.667,-28.44,23.23,36.72
29.700,-28.44,23.23,36.72
29.733,-28.44,23.23,36.72
29.767,-28.44,23.23,36.72
29.800,-28.44,23.23,36.72
29.833,-28.44,23.23,36.72
29.867,-28.44,23.23,36.72
29.900,-28.44,23.23,36.72
29.933,-28.44,23.23,36.72
29.967,-28.44,23.23,36.72
30.000,-27.96,22.83,36.10
