0.000,-31.78,-25.39,40.68
0.033,-31.76,-25.63,40.81
0.067,-31.34,-25.98,40.71
0.100,-31.44,-26.40,41.05
0.133,-31.43,-26.67,41.22
0.167,-31.29,-27.02,41.34
0.200,-31.35,-27.37,41.62
0.233,-31.25,-27.72,41.77
0.267,-31.17,-28.05,41.94
0.300,-31.18,-28.29,42.10
0.333,-31.09,-28.55,42.21
0.367,-31.04,-28.85,42.38
0.400,-31.02,-29.07,42.51
0.433,-30.83,-29.47,42.65
0.467,-30.80,-29.64,42.75
0.500,-30.61,-29.83,42.75
0.533,-30.51,-30.20,42.93
0.567,-30.46,-30.19,42.89
0.600,-30.32,-30.52,43.02
0.633,-30.30,-30.67,43.11
0.667,-30.23,-30.82,43.17
0.700,-30.01,-31.11,43.22
0.733,-29.86,-31.23,43.21
0.767,-29.70,-31.49,43.29
0.800,-29.56,-31.66,43.32
0.833,-29.50,-31.68,43.28
0.867,-29.30,-32.07,43.44
0.900,-29.24,-32.10,43.42
0.933,-29.15,-32.23,43.45
0.967,-28.96,-32.45,43.50
1.000,-28.95,-32.44,43.48
1.033,-28.82,-32.61,43.52
1.067,-28.68,-32.66,43.46
1.100,-28.64,-32.78,43.53
1.133,-28.48,-32.96,43.56
1.167,-28.46,-33.01,43.58
1.200,-28.27,-33.20,43.61
1.233,-28.20,-33.31,43.64
1.267,-28.14,-33.31,43.61
1.300,-28.07,-33.38,43.61
1.333,-28.07,-33.33,43.57
1.367,-28.08,-33.40,43.63
1.400,-27.95,-33.42,43.57
1.433,-27.91,-33.43,43.55
1.467,-27.90,-33.47,43.58
1.500,-27.89,-33.50,43.59
1.533,-27.82,-33.59,43.62
1.567,-27.78,-33.62,43.62
1.600,-27.75,-33.64,43.61
1.633,-27.73,-33.62,43.58
1.667,-27.72,-33.64,43.59
1.700,-27.66,-33.62,43.54
1.733,-27.63,-33.59,43.50
1.767,-27.59,-33.59,43.47
1.800,-27.63,-33.55,43.46
1.833,-27.59,-33.51,43.41
1.867,-27.54,-33.50,43.37
1.900,-27.45,-33.42,43.25
1.933,-27.34,-33.44,43.20
1.967,-27.31,-33.32,43.08
2.000,-27.20,-33.33,43.02
2.033,-27.13,-33.24,42.91
2.067,-27.07,-33.18,42.82
2.100,-26.91,-33.20,42.74
2.133,-26.86,-33.06,42.60
2.167,-26.69,-33.01,42.45
2.200,-26.62,-32.90,42.32
2.233,-26.56,-32.75,42.17
2.267,-26.40,-32.66,41.99
2.300,-26.30,-32.49,41.80
2.333,-26.20,-32.37,41.65
2.367,-26.10,-32.26,41.50
2.400,-26.03,-32.03,41.28
2.433,-25.92,-31.92,41.12
2.467,-25.87,-31.62,40.85
2.500,-25.82,-31.39,40.64
2.533,-25.76,-31.21,40.47
2.567,-25.82,-30.94,40.30
2.600,-25.85,-30.51,39.99
2.633,-25.88,-29.99,39.61
2.667,-25.79,-29.82,39.42
2.700,-25.78,-29.58,39.24
2.733,-25.74,-29.31,39.01
2.767,-25.70,-29.10,38.83
2.800,-25.64,-28.89,38.62
2.833,-25.59,-28.62,38.39
2.867,-25.56,-28.46,38.25
2.900,-25.48,-28.33,38.10
2.933,-25.43,-28.17,37.94
2.967,-25.41,-27.89,37.74
3.000,-25.41,-27.70,37.59
3.033,-25.34,-27.58,37.45
3.067,-25.27,-27.43,37.29
3.100,-25.23,-27.31,37.19
3.133,-25.15,-27.10,36.97
3.167,-25.09,-26.92,36.80
3.200,-25.02,-26.81,36.66
3.233,-24.90,-26.69,36.50
3.267,-24.80,-26.64,36.40
3.300,-24.80,-26.51,36.30
3.333,-24.71,-26.44,36.19
3.367,-24.67,-26.40,36.13
3.400,-24.65,-26.35,36.08
3.433,-24.58,-26.28,35.98
3.467,-24.59,-26.14,35.89
3.500,-24.51,-26.03,35.75
3.533,-24.44,-26.00,35.68
3.567,-24.38,-25.96,35.61
3.600,-24.29,-25.99,35.57
3.633,-24.11,-26.06,35.50
3.667,-24.05,-26.00,35.42
3.700,-23.98,-25.98,35.35
3.733,-23.80,-25.95,35.21
3.767,-23.76,-25.86,35.12
3.800,-23.65,-25.89,35.06
3.833,-23.61,-25.82,34.99
3.867,-23.59,-25.82,34.97
3.900,-23.48,-25.85,34.92
3.933,-23.49,-25.86,34.94
3.967,-23.38,-25.89,34.88
4.000,-23.30,-25.91,34.85
4.033,-23.23,-25.94,34.82
4.067,-23.11,-26.08,34.84
4.100,-23.07,-26.12,34.85
4.133,-23.02,-26.23,34.90
4.167,-23.00,-26.29,34.94
4.200,-22.99,-26.31,34.94
4.233,-22.90,-26.45,34.99
4.267,-22.85,-26.49,34.98
4.300,-22.77,-26.62,35.03
4.333,-22.74,-26.71,35.08
4.367,-22.67,-26.73,35.05
4.400,-22.65,-26.84,35.12
4.433,-22.63,-26.87,35.13
4.467,-22.50,-26.95,35.11
4.500,-22.51,-27.04,35.19
4.533,-22.45,-27.15,35.23
4.567,-22.38,-27.29,35.30
4.600,-22.40,-27.35,35.35
4.633,-22.31,-27.45,35.37
4.667,-22.28,-27.52,35.41
4.700,-22.20,-27.58,35.41
4.733,-22.15,-27.74,35.50
4.767,-22.11,-27.81,35.53
4.800,-22.01,-27.89,35.53
4.833,-22.03,-27.91,35.55
4.867,-22.03,-27.98,35.61
4.900,-21.94,-28.10,35.66
4.933,-21.91,-28.13,35.65
4.967,-21.79,-28.24,35.67
5.000,-21.75,-28.29,35.68
5.033,-21.64,-28.36,35.68
5.067,-21.60,-28.43,35.70
5.100,-21.57,-28.48,35.73
5.133,-21.48,-28.60,35.77
5.167,-21.44,-28.66,35.79
5.200,-21.46,-28.76,35.88
5.233,-21.36,-28.88,35.92
5.267,-21.32,-28.90,35.92
5.300,-21.18,-29.00,35.91
5.333,-21.09,-29.08,35.92
5.367,-20.96,-29.14,35.89
5.400,-20.94,-29.24,35.96
5.433,-20.83,-29.31,35.96
5.467,-20.74,-29.36,35.95
5.500,-20.64,-29.43,35.94
5.533,-20.54,-29.49,35.94
5.567,-20.41,-29.55,35.91
5.600,-20.29,-29.54,35.83
5.633,-20.21,-29.54,35.79
5.667,-20.09,-29.56,35.74
5.700,-19.95,-29.59,35.69
5.733,-19.91,-29.59,35.67
5.767,-19.78,-29.59,35.59
5.800,-19.69,-29.58,35.53
5.833,-19.67,-29.56,35.51
5.867,-19.61,-29.58,35.49
5.900,-19.52,-29.57,35.43
5.933,-19.46,-29.58,35.41
5.967,-19.39,-29.65,35.43
6.000,-19.34,-29.68,35.43
6.033,-19.29,-29.69,35.41
6.067,-19.18,-29.73,35.38
6.100,-19.09,-29.76,35.35
6.133,-19.07,-29.76,35.35
6.167,-19.04,-29.81,35.37
6.200,-18.98,-29.87,35.39
6.233,-18.95,-29.87,35.37
6.267,-18.89,-29.89,35.37
6.300,-18.85,-29.91,35.36
6.333,-18.78,-29.95,35.35
6.367,-18.72,-30.00,35.36
6.400,-18.71,-30.07,35.42
6.433,-18.64,-30.11,35.42
6.467,-18.55,-30.12,35.37
6.500,-18.47,-30.20,35.40
6.533,-18.35,-30.25,35.38
6.567,-18.33,-30.37,35.48
6.600,-18.23,-30.44,35.49
6.633,-18.19,-30.51,35.52
6.667,-18.01,-30.58,35.49
6.700,-17.95,-30.66,35.53
6.733,-17.86,-30.76,35.57
6.767,-17.77,-30.81,35.57
6.800,-17.78,-30.82,35.58
6.833,-17.72,-30.90,35.62
6.867,-17.72,-30.97,35.68
6.900,-17.66,-31.06,35.73
6.933,-17.66,-31.15,35.80
6.967,-17.59,-31.19,35.81
7.000,-17.58,-31.27,35.88
7.033,-17.58,-31.29,35.89
7.067,-17.59,-31.32,35.92
7.100,-17.60,-31.34,35.94
7.133,-17.60,-31.35,35.95
7.167,-17.56,-31.35,35.94
7.200,-17.63,-31.45,36.05
7.233,-17.63,-31.50,36.10
7.267,-17.61,-31.51,36.10
7.300,-17.61,-31.54,36.13
7.333,-17.60,-31.57,36.15
7.367,-17.58,-31.60,36.16
7.400,-17.57,-31.61,36.17
7.433,-17.55,-31.65,36.19
7.467,-17.51,-31.64,36.16
7.500,-17.49,-31.63,36.15
7.533,-17.47,-31.63,36.13
7.567,-17.46,-31.63,36.13
7.600,-17.43,-31.63,36.11
7.633,-17.39,-31.67,36.13
7.667,-17.36,-31.65,36.10
7.700,-17.34,-31.64,36.08
7.733,-17.33,-31.65,36.09
7.767,-17.29,-31.69,36.10
7.800,-17.29,-31.75,36.16
7.833,-17.29,-31.79,36.19
7.867,-17.29,-31.81,36.20
7.900,-17.24,-31.83,36.20
7.933,-17.27,-31.90,36.28
7.967,-17.28,-31.95,36.32
8.000,-17.27,-31.93,36.30
8.033,-17.27,-31.94,36.31
8.067,-17.27,-31.94,36.31
8.100,-17.24,-31.93,36.28
8.133,-17.24,-31.92,36.28
8.167,-17.25,-31.92,36.28
8.200,-17.25,-31.91,36.27
8.233,-17.25,-31.92,36.29
8.267,-17.26,-31.90,36.27
8.300,-17.26,-31.91,36.28
8.333,-17.27,-31.90,36.27
8.367,-17.27,-31.89,36.27
8.400,-17.28,-31.89,36.27
8.433,-17.28,-31.88,36.26
8.467,-17.28,-31.89,36.27
8.500,-17.28,-31.89,36.27
8.533,-17.28,-31.89,36.27
8.567,-17.28,-31.89,36.27
8.600,-17.28,-31.89,36.27
8.633,-17.28,-31.89,36.27
8.667,-17.27,-31.89,36.27
8.700,-17.27,-31.88,36.26
8.733,-17.27,-31.89,36.27
8.767,-17.24,-31.87,36.23
8.800,-17.22,-31.86,36.22
8.833,-17.19,-31.87,36.21
8.867,-17.17,-31.88,36.21
8.900,-17.15,-31.88,36.20
8.933,-17.14,-31.88,36.19
8.967,-17.12,-31.89,36.20
9.000,-17.12,-31.90,36.21
9.033,-17.11,-31.90,36.20
9.067,-17.10,-31.89,36.19
9.100,-17.11,-31.90,36.20
9.133,-17.12,-31.90,36.20
9.167,-17.12,-31.90,36.20
9.200,-17.12,-31.90,36.20
9.233,-17.12,-31.90,36.20
9.267,-17.12,-31.90,36.20
9.300,-17.11,-31.89,36.19
9.333,-17.10,-31.89,36.19
9.367,-17.09,-31.90,36.19
9.400,-17.08,-31.90,36.19
9.433,-17.06,-31.91,36.19
9.467,-17.03,-31.92,36.18
9.500,-16.98,-31.91,36.15
9.533,-16.98,-31.91,36.15
9.567,-16.95,-31.91,36.13
9.600,-16.92,-31.91,36.12
9.633,-16.90,-31.94,36.14
9.667,-16.85,-31.92,36.10
9.700,-16.81,-31.91,36.06
9.733,-16.79,-31.90,36.04
9.767,-16.75,-31.94,36.07
9.800,-16.70,-31.95,36.05
9.833,-16.66,-31.95,36.03
9.867,-16.64,-31.95,36.02
9.900,-16.48,-32.00,36.00
9.933,-16.43,-32.06,36.03
9.967,-16.35,-32.09,36.01
10.000,-16.29,-32.10,36.00
10.033,-16.24,-32.13,36.00
10.067,-16.17,-32.12,35.96
10.100,-16.08,-32.12,35.92
10.133,-15.93,-32.12,35.85
10.167,-15.85,-32.12,35.81
10.200,-15.77,-32.13,35.80
10.233,-15.61,-32.17,35.76
10.267,-15.54,-32.20,35.75
10.300,-15.49,-32.25,35.78
10.333,-15.41,-32.28,35.77
10.367,-15.38,-32.27,35.75
10.400,-15.36,-32.26,35.73
10.433,-15.30,-32.28,35.72
10.467,-15.23,-32.27,35.68
10.500,-15.16,-32.27,35.65
10.533,-15.06,-32.25,35.59
10.567,-14.97,-32.25,35.56
10.600,-14.91,-32.25,35.53
10.633,-14.83,-32.25,35.49
10.667,-14.75,-32.20,35.42
10.700,-14.71,-32.19,35.39
10.733,-14.67,-32.19,35.37
10.767,-14.62,-32.19,35.36
10.800,-14.59,-32.20,35.35
10.833,-14.57,-32.20,35.34
10.867,-14.54,-32.20,35.33
10.900,-14.53,-32.21,35.33
10.933,-14.50,-32.21,35.33
10.967,-14.46,-32.21,35.31
11.000,-14.45,-32.22,35.31
11.033,-14.41,-32.21,35.29
11.067,-14.38,-32.20,35.26
11.100,-14.38,-32.21,35.27
11.133,-14.38,-32.21,35.28
11.167,-14.38,-32.18,35.25
11.200,-14.32,-32.17,35.21
11.233,-14.22,-32.12,35.13
11.267,-14.25,-32.10,35.12
11.300,-14.28,-32.07,35.11
11.333,-14.31,-32.05,35.09
11.367,-14.31,-32.05,35.10
11.400,-14.32,-32.05,35.10
11.433,-14.31,-32.03,35.08
11.467,-14.30,-32.04,35.08
11.500,-14.30,-32.03,35.07
11.533,-14.29,-32.02,35.07
11.567,-14.29,-32.03,35.08
11.600,-14.28,-32.02,35.06
11.633,-14.28,-32.02,35.05
11.667,-14.28,-32.02,35.06
11.700,-14.27,-32.03,35.07
11.733,-14.25,-32.03,35.06
11.767,-14.15,-31.97,34.96
11.800,-14.14,-31.94,34.93
11.833,-14.11,-31.93,34.91
11.867,-14.08,-31.92,34.88
11.900,-14.09,-31.89,34.86
11.933,-14.10,-31.87,34.85
11.967,-14.11,-31.86,34.84
12.000,-14.02,-31.79,34.74
12.033,-14.01,-31.76,34.71
12.067,-14.00,-31.73,34.68
12.100,-14.01,-31.73,34.68
12.133,-14.05,-31.68,34.65
12.167,-13.97,-31.67,34.61
12.200,-14.00,-31.62,34.58
12.233,-14.00,-31.61,34.57
12.267,-14.00,-31.61,34.57
12.300,-14.00,-31.60,34.56
12.333,-14.00,-31.60,34.56
12.367,-14.00,-31.61,34.57
12.400,-13.99,-31.61,34.56
12.433,-13.99,-31.61,34.57
12.467,-13.99,-31.61,34.57
12.500,-13.98,-31.62,34.57
12.533,-13.97,-31.62,34.57
12.567,-13.97,-31.61,34.56
12.600,-13.97,-31.61,34.56
12.633,-13.97,-31.61,34.56
12.667,-13.97,-31.61,34.56
12.700,-13.97,-31.61,34.56
12.733,-13.97,-31.61,34.56
12.767,-13.97,-31.61,34.56
12.800,-13.97,-31.61,34.56
12.833,-13.97,-31.61,34.56
12.867,-13.97,-31.61,34.56
12.900,-13.97,-31.61,34.56
12.933,-13.98,-31.60,34.56
12.967,-13.98,-31.60,34.56
13.000,-13.98,-31.60,34.55
13.033,-13.98,-31.60,34.55
13.067,-13.98,-31.60,34.55
13.100,-13.98,-31.60,34.55
13.133,-13.98,-31.60,34.55
13.167,-13.97,-31.60,34.55
13.200,-13.97,-31.60,34.55
13.233,-13.97,-31.60,34.55
13.267,-13.97,-31.60,34.55
13.300,-13.97,-31.60,34.55
13.333,-13.97,-31.60,34.55
13.367,-13.97,-31.60,34.55
13.400,-13.97,-31.60,34.55
13.433,-13.97,-31.60,34.55
13.467,-13.97,-31.60,34.55
13.500,-13.97,-31.60,34.55
13.533,-13.97,-31.60,34.55
13.567,-13.97,-31.60,34.55
13.600,-13.97,-31.60,34.55
13.633,-13.97,-31.61,34.56
13.667,-13.97,-31.61,34.56
13.700,-13.96,-31.60,34.55
13.733,-13.95,-31.61,34.55
13.767,-13.97,-31.61,34.56
13.800,-13.97,-31.61,34.55
13.833,-13.97,-31.60,34.55
13.867,-13.94,-31.61,34.54
13.900,-13.95,-31.60,34.55
13.933,-13.96,-31.60,34.55
13.967,-13.97,-31.60,34.55
14.000,-13.97,-31.60,34.55
14.033,-13.97,-31.60,34.55
14.067,-13.97,-31.59,34.55
14.100,-13.97,-31.60,34.55
14.133,-13.97,-31.60,34.55
14.167,-13.97,-31.59,34.54
14.200,-13.97,-31.58,34.53
14.233,-13.97,-31.59,34.54
14.267,-13.96,-31.59,34.54
14.300,-13.96,-31.60,34.55
14.333,-13.96,-31.60,34.54
14.367,-13.97,-31.59,34.54
14.400,-13.97,-31.59,34.54
14.433,-13.97,-31.59,34.54
14.467,-13.97,-31.59,34.54
14.500,-13.96,-31.59,34.54
14.533,-13.96,-31.59,34.54
14.567,-13.96,-31.59,34.54
14.600,-13.96,-31.59,34.54
14.633,-13.96,-31.59,34.54
14.667,-13.97,-31.59,34.54
14.700,-13.97,-31.59,34.54
14.733,-13.97,-31.59,34.54
14.767,-13.97,-31.59,34.54
14.800,-13.96,-31.59,34.54
14.833,-13.96,-31.59,34.54
14.867,-13.96,-31.59,34.54
14.900,-13.96,-31.59,34.54
14.933,-13.96,-31.59,34.54
14.967,-13.96,-31.59,34.54
15.000,-13.96,-31.59,34.54
15.033,-13.96,-31.59,34.54
15.067,-13.96,-31.59,34.54
15.100,-13.96,-31.59,34.54
15.133,-13.96,-31.59,34.54
15.167,-13.96,-31.59,34.54
15.200,-13.96,-31.59,34.54
15.233,-13.96,-31.59,34.54
15.267,-13.96,-31.59,34.54
15.300,-13.97,-31.59,34.54
15.333,-13.97,-31.59,34.54
15.367,-13.97,-31.59,34.54
15.400,-13.97,-31.59,34.54
15.433,-13.97,-31.59,34.54
15.467,-13.97,-31.58,34.53
15.500,-13.97,-31.57,34.52
15.533,-13.97,-31.57,34.52
15.567,-13.97,-31.58,34.53
15.600,-13.97,-31.58,34.53
15.633,-13.97,-31.58,34.53
15.667,-13.97,-31.59,34.54
15.700,-13.97,-31.58,34.54
15.733,-13.97,-31.58,34.54
15.767,-13.97,-31.58,34.53
15.800,-13.97,-31.58,34.53
15.833,-13.97,-31.58,34.53
15.867,-13.97,-31.59,34.54
15.900,-13.96,-31.59,34.54
15.933,-13.96,-31.59,34.54
15.967,-13.97,-31.58,34.53
16.000,-13.97,-31.58,34.53
16.033,-13.97,-31.58,34.53
16.067,-13.97,-31.58,34.53
16.100,-13.97,-31.58,34.53
16.133,-13.97,-31.58,34.53
16.167,-13.97,-31.58,34.53
16.200,-13.97,-31.58,34.53
16.233,-13.97,-31.59,34.54
16.267,-13.97,-31.58,34.54
16.300,-13.97,-31.58,34.54
16.333,-13.97,-31.59,34.54
16.367,-13.97,-31.59,34.54
16.400,-13.97,-31.59,34.54
16.433,-13.97,-31.59,34.54
16.467,-13.97,-31.59,34.54
16.500,-13.97,-31.59,34.54
16.533,-13.97,-31.59,34.54
16.567,-13.97,-31.59,34.54
16.600,-13.97,-31.59,34.54
16.633,-13.97,-31.59,34.54
16.667,-13.97,-31.59,34.54
16.700,-13.97,-31.59,34.54
16.733,-13.97,-31.59,34.54
16.767,-13.97,-31.59,34.54
16.800,-13.97,-31.59,34.54
16.833,-13.97,-31.59,34.54
16.867,-13.97,-31.59,34.54
16.900,-13.97,-31.59,34.54
16.933,-13.97,-31.59,34.54
16.967,-13.97,-31.59,34.54
17.000,-13.97,-31.59,34.54
17.033,-13.97,-31.59,34.54
17.067,-13.97,-31.59,34.54
17.100,-13.97,-31.59,34.54
17.133,-13.97,-31.59,34.54
17.167,-13.97,-31.59,34.54
17.200,-13.97,-31.59,34.54
17.233,-13.97,-31.59,34.54
17.267,-13.97,-31.59,34.54
17.300,-13.98,-31.59,34.54
17.333,-13.96,-31.59,34.54
17.367,-13.96,-31.59,34.54
17.400,-13.96,-31.59,34.54
17.433,-13.96,-31.59,34.54
17.467,-13.96,-31.59,34.54
17.500,-13.96,-31.59,34.54
17.533,-13.96,-31.59,34.54
17.567,-13.96,-31.59,34.54
17.600,-13.96,-31.59,34.54
17.633,-13.96,-31.60,34.54
17.667,-13.96,-31.60,34.54
17.700,-13.96,-31.60,34.54
17.733,-13.96,-31.59,34.54
17.767,-13.96,-31.59,34.54
17.800,-13.96,-31.60,34.54
17.833,-13.96,-31.60,34.54
17.867,-13.96,-31.60,34.54
17.900,-13.96,-31.60,34.55
17.933,-13.97,-31.60,34.55
17.967,-13.97,-31.60,34.55
18.000,-13.97,-31.60,34.55
18.033,-13.96,-31.60,34.54
18.067,-13.96,-31.60,34.54
18.100,-13.96,-31.60,34.54
18.133,-13.96,-31.59,34.54
18.167,-13.96,-31.59,34.54
18.200,-13.96,-31.59,34.54
18.233,-13.96,-31.59,34.54
18.267,-13.96,-31.59,34.54
18.300,-13.96,-31.59,34.54
18.333,-13.96,-31.59,34.54
18.367,-13.96,-31.59,34.54
18.400,-13.97,-31.59,34.54
18.433,-13.97,-31.59,34.54
18.467,-13.97,-31.59,34.54
18.500,-13.97,-31.59,34.54
18.533,-13.97,-31.59,34.54
18.567,-13.96,-31.59,34.54
18.600,-13.96,-31.59,34.54
18.633,-13.96,-31.59,34.54
18.667,-13.96,-31.59,34.54
18.700,-13.96,-31.59,34.54
18.733,-13.96,-31.59,34.54
18.767,-13.96,-31.59,34.54
18.800,-13.96,-31.59,34.54
18.833,-13.96,-31.59,34.54
18.867,-13.96,-31.59,34.54
18.900,-13.96,-31.59,34.54
18.933,-13.96,-31.59,34.54
18.967,-13.96,-31.59,34.54
19.000,-13.96,-31.59,34.54
19.033,-13.96,-31.60,34.54
19.067,-13.96,-31.59,34.54
19.100,-13.96,-31.59,34.54
19.133,-13.96,-31.59,34.54
19.167,-13.96,-31.59,34.54
19.200,-13.97,-31.59,34.55
19.233,-13.97,-31.59,34.55
19.267,-13.98,-31.59,34.55
19.300,-13.98,-31.59,34.55
19.333,-13.98,-31.59,34.55
19.367,-13.98,-31.59,34.55
19.400,-13.97,-31.59,34.54
19.433,-13.97,-31.59,34.55
19.467,-13.97,-31.59,34.54
19.500,-13.97,-31.59,34.55
19.533,-13.97,-31.59,34.54
19.567,-13.97,-31.59,34.54
19.600,-13.97,-31.59,34.54
19.633,-13.97,-31.60,34.55
19.667,-13.97,-31.59,34.54
19.700,-13.97,-31.59,34.54
19.733,-13.97,-31.59,34.54
19.767,-13.97,-31.59,34.54
19.800,-13.96,-31.59,34.54
19.833,-13.97,-31.59,34.54
19.867,-13.97,-31.59,34.54
19.900,-13.97,-31.59,34.54
19.933,-13.97,-31.59,34.54
19.967,-13.97,-31.59,34.54
20.000,-13.97,-31.59,34.54
20.033,-13.97,-31.59,34.54
20.067,-13.97,-31.59,34.54
20.100,-13.97,-31.59,34.54
20.133,-13.97,-31.59,34.54
20.167,-13.97,-31.59,34.54
20.200,-13.97,-31.59,34.54
20.233,-13.97,-31.59,34.54
20.267,-13.97,-31.59,34.54
20.300,-13.97,-31.59,34.54
20.333,-13.97,-31.59,34.54
20.367,-13.97,-31.59,34.54
20.400,-13.97,-31.59,34.54
20.433,-13.97,-31.59,34.54
20.467,-13.97,-31.58,34.54
20.500,-13.97,-31.59,34.54
20.533,-13.97,-31.58,34.53
20.567,-13.97,-31.58,34.54
20.600,-13.97,-31.59,34.54
20.633,-13.97,-31.59,34.54
20.667,-13.97,-31.59,34.54
20.700,-13.97,-31.59,34.54
20.733,-13.97,-31.59,34.54
20.767,-13.97,-31.59,34.54
20.800,-13.97,-31.59,34.54
20.833,-13.97,-31.59,34.54
20.867,-13.97,-31.59,34.54
20.900,-13.97,-31.59,34.54
20.933,-13.98,-31.58,34.54
20.967,-13.99,-31.58,34.54
21.000,-14.01,-31.57,34.54
21.033,-14.01,-31.58,34.54
21.067,-14.00,-31.58,34.54
21.100,-14.00,-31.58,34.54
21.133,-13.99,-31.58,34.54
21.167,-13.99,-31.58,34.54
21.200,-13.98,-31.59,34.54
21.233,-13.98,-31.60,34.55
21.267,-13.98,-31.60,34.56
21.300,-13.98,-31.61,34.56
21.333,-13.98,-31.60,34.55
21.367,-13.98,-31.60,34.55
21.400,-13.97,-31.59,34.54
21.433,-13.97,-31.59,34.54
21.467,-13.98,-31.59,34.54
21.500,-13.97,-31.59,34.54
21.533,-13.98,-31.59,34.54
21.567,-13.97,-31.59,34.54
21.600,-13.97,-31.59,34.54
21.633,-13.96,-31.61,34.55
21.667,-13.95,-31.61,34.55
21.700,-13.95,-31.61,34.55
21.733,-13.94,-31.62,34.56
21.767,-13.94,-31.63,34.56
21.800,-13.94,-31.63,34.56
21.833,-13.94,-31.62,34.56
21.867,-13.95,-31.62,34.56
21.900,-13.95,-31.63,34.57
21.933,-13.95,-31.63,34.57
21.967,-13.95,-31.63,34.57
22.000,-13.95,-31.62,34.56
22.033,-13.95,-31.62,34.56
22.067,-13.95,-31.61,34.55
22.100,-13.95,-31.61,34.55
22.133,-13.94,-31.59,34.53
22.167,-13.94,-31.57,34.51
22.200,-13.94,-31.58,34.52
22.233,-13.95,-31.59,34.53
22.267,-13.96,-31.59,34.53
22.300,-13.96,-31.59,34.54
22.333,-13.96,-31.59,34.54
22.367,-13.96,-31.59,34.54
22.400,-13.95,-31.59,34.53
22.433,-13.95,-31.59,34.53
22.467,-13.95,-31.59,34.54
22.500,-13.96,-31.60,34.54
22.533,-13.95,-31.60,34.54
22.567,-13.94,-31.61,34.54
22.600,-13.93,-31.61,34.55
22.633,-13.93,-31.61,34.55
22.667,-13.94,-31.62,34.56
22.700,-13.94,-31.63,34.57
22.733,-13.94,-31.63,34.57
22.767,-13.95,-31.64,34.58
22.800,-13.97,-31.63,34.58
22.833,-13.99,-31.63,34.59
22.867,-13.98,-31.64,34.59
22.900,-13.98,-31.64,34.59
22.933,-13.98,-31.64,34.60
22.967,-13.98,-31.65,34.60
23.000,-13.98,-31.65,34.61
23.033,-13.98,-31.66,34.61
23.067,-13.95,-31.67,34.61
23.100,-13.95,-31.73,34.66
23.133,-13.94,-31.77,34.69
23.167,-13.95,-31.80,34.72
23.200,-13.96,-31.80,34.73
23.233,-13.97,-31.80,34.74
23.267,-13.98,-31.81,34.74
23.300,-13.98,-31.81,34.74
23.333,-13.99,-31.82,34.76
23.367,-13.96,-31.85,34.78
23.400,-13.99,-31.94,34.87
23.433,-13.99,-31.97,34.89
23.467,-13.94,-32.00,34.90
23.500,-13.95,-32.08,34.98
23.533,-13.94,-32.14,35.03
23.567,-13.91,-32.18,35.06
23.600,-13.92,-32.23,35.11
23.633,-13.93,-32.26,35.14
23.667,-13.92,-32.29,35.16
23.700,-13.89,-32.35,35.21
23.733,-13.83,-32.40,35.22
23.767,-13.80,-32.42,35.23
23.800,-13.78,-32.43,35.23
23.833,-13.76,-32.43,35.23
23.867,-13.73,-32.46,35.25
23.900,-13.64,-32.49,35.23
23.933,-13.60,-32.52,35.25
23.967,-13.59,-32.54,35.27
24.000,-13.59,-32.55,35.27
24.033,-13.59,-32.56,35.28
24.067,-13.61,-32.56,35.29
24.100,-13.62,-32.56,35.29
24.133,-13.63,-32.56,35.30
24.167,-13.64,-32.56,35.30
24.200,-13.65,-32.56,35.31
24.233,-13.66,-32.56,35.31
24.267,-13.66,-32.57,35.32
24.300,-13.66,-32.58,35.33
24.333,-13.66,-32.58,35.32
24.367,-13.65,-32.57,35.32
24.400,-13.65,-32.57,35.31
24.433,-13.65,-32.57,35.31
24.467,-13.64,-32.57,35.31
24.500,-13.64,-32.57,35.31
24.533,-13.63,-32.57,35.31
24.567,-13.62,-32.58,35.31
24.600,-13.62,-32.58,35.31
24.633,-13.61,-32.58,35.31
24.667,-13.60,-32.57,35.29
24.700,-13.59,-32.56,35.28
24.733,-13.57,-32.61,35.33
24.767,-13.51,-32.59,35.28
24.800,-13.50,-32.58,35.26
24.833,-13.47,-32.55,35.22
24.867,-13.45,-32.53,35.21
24.900,-13.44,-32.53,35.20
24.933,-13.44,-32.52,35.19
24.967,-13.44,-32.51,35.18
25.000,-13.43,-32.53,35.20
25.033,-13.38,-32.54,35.18
25.067,-13.30,-32.50,35.11
25.100,-13.28,-32.51,35.11
25.133,-13.21,-32.53,35.11
25.167,-13.15,-32.52,35.08
25.200,-13.09,-32.54,35.07
25.233,-13.01,-32.52,35.03
25.267,-12.95,-32.53,35.01
25.300,-12.90,-32.54,35.00
25.333,-12.83,-32.53,34.97
25.367,-12.76,-32.54,34.96
25.400,-12.67,-32.54,34.92
25.433,-12.59,-32.55,34.90
25.467,-12.49,-32.54,34.86
25.500,-12.44,-32.55,34.85
25.533,-12.34,-32.55,34.81
25.567,-12.27,-32.56,34.79
25.600,-12.17,-32.56,34.76
25.633,-12.13,-32.56,34.74
25.667,-12.06,-32.56,34.72
25.700,-11.98,-32.56,34.69
25.733,-11.89,-32.49,34.60
25.767,-11.81,-32.46,34.54
25.800,-11.74,-32.40,34.47
25.833,-11.66,-32.34,34.38
25.867,-11.57,-32.28,34.29
25.900,-11.53,-32.23,34.23
25.933,-11.51,-32.18,34.17
25.967,-11.45,-32.16,34.14
26.000,-11.34,-32.10,34.05
26.033,-11.25,-32.08,33.99
26.067,-11.21,-32.06,33.96
26.100,-11.18,-32.00,33.90
26.133,-11.12,-32.00,33.88
26.167,-10.99,-31.92,33.76
26.200,-10.95,-31.86,33.69
26.233,-10.80,-31.78,33.57
26.267,-10.76,-31.75,33.52
26.300,-10.63,-31.63,33.37
26.333,-10.62,-31.58,33.32
26.367,-10.46,-31.48,33.17
26.400,-10.42,-31.44,33.12
26.433,-10.30,-31.30,32.95
26.467,-10.28,-31.25,32.90
26.500,-10.17,-31.13,32.75
26.533,-10.15,-31.09,32.71
26.567,-10.03,-30.96,32.55
26.600,-10.01,-30.91,32.49
26.633,-9.899,-30.78,32.33
26.667,-9.833,-30.77,32.30
26.700,-9.696,-30.66,32.16
26.733,-9.667,-30.62,32.11
26.767,-9.539,-30.51,31.96
26.800,-9.383,-30.36,31.78
26.833,-9.330,-30.29,31.70
26.867,-9.208,-30.18,31.56
26.900,-9.172,-30.17,31.53
26.933,-9.146,-30.16,31.51
26.967,-9.104,-30.11,31.46
27.000,-9.057,-30.11,31.45
27.033,-9.014,-30.14,31.46
27.067,-8.923,-30.15,31.44
27.100,-8.891,-30.16,31.44
27.133,-8.873,-30.17,31.44
27.167,-8.852,-30.18,31.45
27.200,-8.838,-30.19,31.46
27.233,-8.850,-30.18,31.45
27.267,-8.860,-30.18,31.45
27.300,-8.859,-30.17,31.45
27.333,-8.857,-30.17,31.45
27.367,-8.857,-30.17,31.44
27.400,-8.855,-30.17,31.44
27.433,-8.861,-30.17,31.45
27.467,-8.867,-30.18,31.45
27.500,-8.871,-30.18,31.46
27.533,-8.875,-30.18,31.46
27.567,-8.891,-30.17,31.46
27.600,-8.902,-30.17,31.45
27.633,-8.895,-30.17,31.45
27.667,-8.890,-30.17,31.45
27.700,-8.886,-30.17,31.45
27.733,-8.883,-30.17,31.45
27.767,-8.881,-30.17,31.45
27.800,-8.881,-30.17,31.45
27.833,-8.878,-30.17,31.45
27.867,-8.875,-30.18,31.45
27.900,-8.870,-30.18,31.46
27.933,-8.873,-30.18,31.45
27.967,-8.871,-30.18,31.45
28.000,-8.870,-30.18,31.45
28.033,-8.870,-30.17,31.45
28.067,-8.868,-30.17,31.45
28.100,-8.872,-30.17,31.45
28.133,-8.874,-30.17,31.45
28.167,-8.875,-30.17,31.45
28.200,-8.876,-30.17,31.45
28.233,-8.876,-30.17,31.45
28.267,-8.872,-30.17,31.45
28.300,-8.872,-30.17,31.45
28.333,-8.871,-30.17,31.45
28.367,-8.873,-30.17,31.45
28.400,-8.874,-30.17,31.45
28.433,-8.872,-30.18,31.45
28.467,-8.871,-30.18,31.46
28.500,-8.868,-30.18,31.45
28.533,-8.867,-30.18,31.45
28.567,-8.866,-30.18,31.45
28.600,-8.866,-30.17,31.45
28.633,-8.870,-30.17,31.45
28.667,-8.872,-30.17,31.45
28.700,-8.875,-30.17,31.45
28.733,-8.875,-30.17,31.45
28.767,-8.875,-30.17,31.45
28.800,-8.874,-30.17,31.45
28.833,-8.874,-30.17,31.45
28.867,-8.873,-30.17,31.45
28.900,-8.873,-30.17,31.45
28.933,-8.874,-30.17,31.45
28.967,-8.874,-30.17,31.45
29.000,-8.875,-30.17,31.45
29.033,-8.871,-30.17,31.44
29.067,-8.870,-30.17,31.44
29.100,-8.868,-30.16,31.44
29.133,-8.867,-30.16,31.44
29.167,-8.869,-30.16,31.44
29.200,-8.871,-30.16,31.44
29.233,-8.871,-30.16,31.44
29.267,-8.872,-30.16,31.44
29.300,-8.872,-30.16,31.44
29.333,-8.871,-30.16,31.44
29.367,-8.871,-30.16,31.44
29.400,-8.870,-30.16,31.44
29.433,-8.869,-30.16,31.44
29.467,-8.870,-30.17,31.44
29.500,-8.871,-30.17,31.44
29.533,-8.872,-30.17,31.44
29.567,-8.868,-30.16,31.44
29.600,-8.866,-30.16,31.44
29.633,-8.864,-30.16,31.44
29.667,-8.865,-30.16,31.44
29.700,-8.859,-30.16,31.44
29.733,-8.856,-30.16,31.43
29.767,-8.853,-30.16,31.44
29.800,-8.852,-30.16,31.44
29.833,-8.858,-30.16,31.44
29.867,-8.835,-30.19,31.45
29.900,-8.846,-30.18,31.45
29.933,-8.827,-30.20,31.46
29.967,-8.845,-30.19,31.46
30.000,-8.710,-29.67,30.92
