0.000,-40.20,3.765,40.38
0.033,-40.29,3.758,40.46
0.067,-39.97,3.527,40.13
0.100,-40.14,3.374,40.28
0.133,-40.30,3.280,40.43
0.167,-40.15,3.088,40.27
0.200,-40.28,3.005,40.39
0.233,-40.21,2.926,40.31
0.267,-40.19,2.815,40.29
0.300,-40.26,2.833,40.36
0.333,-40.20,2.663,40.29
0.367,-40.19,2.635,40.28
0.400,-40.18,2.625,40.26
0.433,-40.12,2.446,40.20
0.467,-40.19,2.464,40.27
0.500,-40.22,2.411,40.29
0.533,-40.18,2.225,40.24
0.567,-40.18,2.298,40.24
0.600,-40.13,2.132,40.18
0.633,-40.15,2.128,40.21
0.667,-40.17,2.126,40.23
0.700,-40.08,1.972,40.13
0.733,-40.16,2.001,40.21
0.767,-40.15,1.901,40.20
0.800,-40.06,1.817,40.10
0.833,-40.13,1.841,40.17
0.867,-40.05,1.668,40.08
0.900,-40.10,1.695,40.13
0.933,-40.03,1.650,40.06
0.967,-40.02,1.516,40.05
1.000,-40.11,1.578,40.14
1.033,-40.06,1.423,40.08
1.067,-40.05,1.411,40.08
1.100,-40.01,1.361,40.03
1.133,-40.05,1.250,40.07
1.167,-40.06,1.297,40.08
1.200,-40.01,1.203,40.02
1.233,-39.98,1.175,40.00
1.267,-40.02,1.193,40.03
1.300,-40.05,1.112,40.06
1.333,-40.06,1.141,40.07
1.367,-40.03,1.083,40.04
1.400,-40.03,1.077,40.05
1.433,-40.03,1.073,40.05
1.467,-40.03,1.071,40.05
1.500,-40.03,1.070,40.04
1.533,-40.03,1.070,40.04
1.567,-40.02,1.071,40.04
1.600,-40.05,1.108,40.07
1.633,-40.06,1.139,40.08
1.667,-40.05,1.128,40.07
1.700,-39.98,1.189,40.00
1.733,-40.04,1.255,40.06
1.767,-39.97,1.312,39.99
1.800,-40.02,1.390,40.05
1.833,-40.05,1.448,40.07
1.867,-40.01,1.518,40.04
1.900,-40.05,1.604,40.08
1.933,-39.97,1.659,40.01
1.967,-39.99,1.800,40.03
2.000,-40.02,1.881,40.06
2.033,-40.02,2.002,40.07
2.067,-39.97,2.128,40.03
2.100,-40.02,2.217,40.08
2.133,-40.05,2.402,40.12
2.167,-39.98,2.463,40.06
2.200,-40.00,2.631,40.08
2.233,-40.00,2.796,40.10
2.267,-39.98,2.919,40.09
2.300,-40.01,3.102,40.13
2.333,-40.01,3.266,40.14
2.367,-39.98,3.393,40.13
2.400,-40.02,3.605,40.18
2.433,-40.02,3.763,40.19
2.467,-40.00,4.050,40.21
2.500,-40.13,4.266,40.35
2.533,-40.12,4.404,40.36
2.567,-40.14,4.656,40.41
2.600,-40.18,5.013,40.49
2.633,-40.20,5.496,40.57
2.667,-40.18,5.691,40.58
2.700,-40.20,5.967,40.64
2.733,-40.21,6.259,40.69
2.767,-40.22,6.464,40.74
2.800,-40.24,6.629,40.78
2.833,-40.26,6.903,40.85
2.867,-40.21,7.035,40.82
2.900,-40.27,7.167,40.91
2.933,-40.25,7.307,40.91
2.967,-40.30,7.475,40.99
3.000,-40.28,7.668,41.01
3.033,-40.30,7.843,41.06
3.067,-40.34,8.049,41.14
3.100,-40.32,8.166,41.14
3.133,-40.37,8.413,41.24
3.167,-40.44,8.552,41.33
3.200,-40.42,8.653,41.33
3.233,-40.37,8.777,41.31
3.267,-40.33,8.788,41.27
3.300,-40.43,8.920,41.40
3.333,-40.34,8.959,41.33
3.367,-40.35,9.026,41.35
3.400,-40.36,9.063,41.37
3.433,-40.35,9.078,41.35
3.467,-40.41,9.211,41.44
3.500,-40.35,9.297,41.41
3.533,-40.39,9.353,41.46
3.567,-40.40,9.406,41.48
3.600,-40.29,9.409,41.37
3.633,-40.29,9.345,41.36
3.667,-40.27,9.442,41.36
3.700,-40.28,9.474,41.38
3.733,-40.27,9.491,41.37
3.767,-40.28,9.506,41.39
3.800,-40.29,9.486,41.39
3.833,-40.33,9.511,41.44
3.867,-40.33,9.502,41.44
3.900,-40.34,9.497,41.44
3.933,-40.35,9.499,41.45
3.967,-40.35,9.487,41.45
4.000,-40.36,9.498,41.46
4.033,-40.36,9.497,41.47
4.067,-40.35,9.374,41.42
4.100,-40.38,9.370,41.46
4.133,-40.34,9.295,41.40
4.167,-40.40,9.242,41.44
4.200,-40.39,9.224,41.43
4.233,-40.31,9.097,41.32
4.267,-40.36,9.153,41.39
4.300,-40.39,9.074,41.40
4.333,-40.38,9.027,41.38
4.367,-40.37,9.011,41.36
4.400,-40.38,8.876,41.35
4.433,-40.40,8.903,41.36
4.467,-40.33,8.818,41.29
4.500,-40.37,8.747,41.31
4.533,-40.38,8.716,41.31
4.567,-40.34,8.617,41.25
4.600,-40.39,8.600,41.29
4.633,-40.35,8.507,41.24
4.667,-40.38,8.435,41.25
4.700,-40.38,8.422,41.25
4.733,-40.39,8.294,41.23
4.767,-40.38,8.258,41.22
4.800,-40.35,8.175,41.17
4.833,-40.38,8.117,41.19
4.867,-40.38,8.093,41.18
4.900,-40.32,7.982,41.10
4.933,-40.33,7.987,41.11
4.967,-40.37,7.905,41.13
5.000,-40.34,7.863,41.10
5.033,-40.35,7.840,41.10
5.067,-40.34,7.766,41.08
5.100,-40.35,7.760,41.09
5.133,-40.32,7.698,41.05
5.167,-40.30,7.665,41.02
5.200,-40.37,7.636,41.08
5.233,-40.35,7.584,41.06
5.267,-40.33,7.546,41.03
5.300,-40.32,7.511,41.01
5.333,-40.32,7.513,41.01
5.367,-40.38,7.488,41.07
5.400,-40.36,7.428,41.03
5.433,-40.34,7.426,41.02
5.467,-40.32,7.375,40.99
5.500,-40.33,7.375,41.00
5.533,-40.33,7.381,41.00
5.567,-40.31,7.353,40.98
5.600,-40.31,7.351,40.97
5.633,-40.29,7.348,40.96
5.667,-40.30,7.351,40.96
5.700,-40.31,7.358,40.97
5.733,-40.30,7.344,40.97
5.767,-40.31,7.354,40.97
5.800,-40.31,7.362,40.98
5.833,-40.32,7.372,40.99
5.867,-40.31,7.357,40.98
5.900,-40.30,7.348,40.97
5.933,-40.38,7.340,41.04
5.967,-40.35,7.285,41.00
6.000,-40.35,7.266,41.00
6.033,-40.34,7.257,40.99
6.067,-40.34,7.255,40.99
6.100,-40.34,7.253,40.99
6.133,-40.34,7.248,40.98
6.167,-40.34,7.247,40.98
6.200,-40.34,7.247,40.98
6.233,-40.34,7.248,40.98
6.267,-40.34,7.245,40.98
6.300,-40.34,7.247,40.98
6.333,-40.34,7.247,40.98
6.367,-40.34,7.248,40.98
6.400,-40.34,7.245,40.98
6.433,-40.33,7.241,40.98
6.467,-40.33,7.243,40.98
6.500,-40.33,7.244,40.98
6.533,-40.33,7.242,40.97
6.567,-40.33,7.241,40.97
6.600,-40.33,7.242,40.97
6.633,-40.33,7.243,40.98
6.667,-40.33,7.239,40.97
6.700,-40.33,7.239,40.97
6.733,-40.33,7.240,40.97
6.767,-40.33,7.243,40.97
6.800,-40.32,7.242,40.97
6.833,-40.32,7.240,40.97
6.867,-40.32,7.242,40.97
6.900,-40.33,7.243,40.97
6.933,-40.33,7.243,40.97
6.967,-40.33,7.244,40.97
7.000,-40.33,7.244,40.98
7.033,-40.33,7.244,40.98
7.067,-40.33,7.242,40.98
7.100,-40.33,7.244,40.98
7.133,-40.33,7.244,40.98
7.167,-40.33,7.245,40.98
7.200,-40.33,7.244,40.98
7.233,-40.33,7.243,40.98
7.267,-40.33,7.243,40.98
7.300,-40.33,7.242,40.98
7.333,-40.33,7.234,40.97
7.367,-40.33,7.234,40.97
7.400,-40.32,7.232,40.97
7.433,-40.33,7.235,40.97
7.467,-40.33,7.232,40.97
7.500,-40.33,7.230,40.97
7.533,-40.33,7.235,40.98
7.567,-40.33,7.241,40.98
7.600,-40.33,7.235,40.97
7.633,-40.33,7.237,40.98
7.667,-40.33,7.238,40.98
7.700,-40.33,7.240,40.98
7.733,-40.33,7.242,40.97
7.767,-40.33,7.244,40.97
7.800,-40.33,7.244,40.98
7.833,-40.33,7.244,40.98
7.867,-40.33,7.244,40.98
7.900,-40.33,7.244,40.98
7.933,-40.33,7.244,40.98
7.967,-40.33,7.244,40.98
8.000,-40.33,7.246,40.98
8.033,-40.35,7.246,41.00
8.067,-40.35,7.246,40.99
8.100,-40.34,7.246,40.99
8.133,-40.34,7.245,40.99
8.167,-40.34,7.245,40.99
8.200,-40.34,7.245,40.98
8.233,-40.34,7.245,40.98
8.267,-40.34,7.245,40.98
8.300,-40.34,7.245,40.98
8.333,-40.33,7.234,40.98
8.367,-40.34,7.237,40.98
8.400,-40.34,7.239,40.98
8.433,-40.34,7.241,40.98
8.467,-40.34,7.242,40.98
8.500,-40.34,7.237,40.98
8.533,-40.33,7.234,40.98
8.567,-40.33,7.233,40.98
8.600,-40.33,7.231,40.97
8.633,-40.34,7.239,40.99
8.667,-40.34,7.239,40.98
8.700,-40.34,7.240,40.98
8.733,-40.34,7.240,40.98
8.767,-40.34,7.241,40.98
8.800,-40.34,7.241,40.98
8.833,-40.34,7.242,40.98
8.867,-40.34,7.241,40.98
8.900,-40.33,7.242,40.97
8.933,-40.33,7.243,40.98
8.967,-40.34,7.245,40.99
9.000,-40.35,7.248,40.99
9.033,-40.34,7.242,40.98
9.067,-40.34,7.243,40.98
9.100,-40.34,7.243,40.98
9.133,-40.34,7.244,40.98
9.167,-40.34,7.244,40.98
9.200,-40.34,7.244,40.98
9.233,-40.34,7.245,40.98
9.267,-40.33,7.245,40.98
9.300,-40.33,7.245,40.98
9.333,-40.33,7.247,40.98
9.367,-40.33,7.246,40.98
9.400,-40.33,7.246,40.98
9.433,-40.33,7.244,40.98
9.467,-40.33,7.244,40.98
9.500,-40.33,7.242,40.97
9.533,-40.33,7.242,40.98
9.567,-40.33,7.234,40.97
9.600,-40.32,7.228,40.96
9.633,-40.33,7.238,40.97
9.667,-40.33,7.248,40.98
9.700,-40.34,7.249,40.98
9.733,-40.34,7.252,40.98
9.767,-40.34,7.251,40.98
9.800,-40.34,7.250,40.98
9.833,-40.33,7.244,40.98
9.867,-40.33,7.241,40.97
9.900,-40.33,7.239,40.97
9.933,-40.33,7.241,40.97
9.967,-40.33,7.240,40.97
10.000,-40.33,7.240,40.97
10.033,-40.33,7.240,40.97
10.067,-40.33,7.240,40.97
10.100,-40.32,7.237,40.97
10.133,-40.32,7.233,40.96
10.167,-40.32,7.235,40.96
10.200,-40.32,7.235,40.96
10.233,-40.32,7.237,40.97
10.267,-40.33,7.237,40.97
10.300,-40.33,7.236,40.97
10.333,-40.33,7.236,40.97
10.367,-40.33,7.236,40.97
10.400,-40.33,7.236,40.97
10.433,-40.33,7.236,40.97
10.467,-40.33,7.237,40.97
10.500,-40.33,7.237,40.97
10.533,-40.33,7.237,40.97
10.567,-40.33,7.236,40.97
10.600,-40.33,7.237,40.97
10.633,-40.32,7.240,40.97
10.667,-40.32,7.252,40.97
10.700,-40.32,7.251,40.97
10.733,-40.32,7.249,40.97
10.767,-40.32,7.246,40.97
10.800,-40.32,7.245,40.97
10.833,-40.33,7.245,40.97
10.867,-40.33,7.246,40.97
10.900,-40.32,7.239,40.96
10.933,-40.32,7.240,40.96
10.967,-40.32,7.238,40.96
11.000,-40.32,7.238,40.96
11.033,-40.32,7.240,40.96
11.067,-40.32,7.241,40.96
11.100,-40.32,7.242,40.96
11.133,-40.32,7.244,40.97
11.167,-40.32,7.244,40.97
11.200,-40.32,7.244,40.97
11.233,-40.32,7.246,40.97
11.267,-40.32,7.247,40.97
11.300,-40.33,7.247,40.97
11.333,-40.33,7.247,40.97
11.367,-40.33,7.246,40.97
11.400,-40.33,7.246,40.97
11.433,-40.33,7.247,40.97
11.467,-40.33,7.245,40.97
11.500,-40.33,7.244,40.97
11.533,-40.33,7.244,40.97
11.567,-40.33,7.245,40.97
11.600,-40.33,7.246,40.97
11.633,-40.33,7.246,40.98
11.667,-40.33,7.247,40.98
11.700,-40.33,7.247,40.97
11.733,-40.32,7.246,40.97
11.767,-40.32,7.245,40.97
11.800,-40.33,7.247,40.97
11.833,-40.32,7.242,40.97
11.867,-40.33,7.245,40.97
11.900,-40.32,7.241,40.97
11.933,-40.33,7.243,40.97
11.967,-40.33,7.244,40.97
12.000,-40.33,7.246,40.97
12.033,-40.33,7.247,40.98
12.067,-40.33,7.247,40.98
12.100,-40.33,7.248,40.98
12.133,-40.33,7.249,40.98
12.167,-40.33,7.248,40.98
12.200,-40.33,7.248,40.98
12.233,-40.33,7.248,40.97
12.267,-40.33,7.247,40.97
12.300,-40.33,7.248,40.97
12.333,-40.33,7.249,40.98
12.367,-40.33,7.246,40.97
12.400,-40.33,7.247,40.97
12.433,-40.33,7.246,40.97
12.467,-40.33,7.245,40.97
12.500,-40.33,7.246,40.97
12.533,-40.33,7.247,40.97
12.567,-40.33,7.248,40.98
12.600,-40.33,7.248,40.98
12.633,-40.33,7.248,40.98
12.667,-40.33,7.238,40.98
12.700,-40.33,7.235,40.98
12.733,-40.33,7.235,40.97
12.767,-40.33,7.237,40.98
12.800,-40.33,7.238,40.98
12.833,-40.34,7.239,40.98
12.867,-40.33,7.239,40.98
12.900,-40.33,7.239,40.98
12.933,-40.33,7.240,40.98
12.967,-40.33,7.242,40.98
13.000,-40.33,7.242,40.98
13.033,-40.33,7.241,40.97
13.067,-40.33,7.241,40.97
13.100,-40.33,7.239,40.97
13.133,-40.33,7.240,40.97
13.167,-40.33,7.236,40.97
13.200,-40.33,7.235,40.97
13.233,-40.33,7.237,40.97
13.267,-40.33,7.238,40.97
13.300,-40.33,7.238,40.97
13.333,-40.33,7.239,40.97
13.367,-40.33,7.240,40.97
13.400,-40.33,7.240,40.97
13.433,-40.33,7.241,40.97
13.467,-40.33,7.242,40.97
13.500,-40.33,7.243,40.97
13.533,-40.33,7.244,40.97
13.567,-40.33,7.244,40.97
13.600,-40.33,7.245,40.97
13.633,-40.33,7.245,40.97
13.667,-40.33,7.245,40.97
13.700,-40.32,7.244,40.97
13.733,-40.32,7.243,40.96
13.767,-40.32,7.243,40.97
13.800,-40.32,7.244,40.97
13.833,-40.32,7.244,40.97
13.867,-40.33,7.243,40.97
13.900,-40.33,7.243,40.97
13.933,-40.33,7.243,40.97
13.967,-40.33,7.244,40.97
14.000,-40.33,7.244,40.97
14.033,-40.33,7.245,40.98
14.067,-40.33,7.245,40.97
14.100,-40.33,7.242,40.97
14.133,-40.33,7.242,40.97
14.167,-40.33,7.242,40.97
14.200,-40.33,7.242,40.97
14.233,-40.33,7.244,40.97
14.267,-40.33,7.244,40.98
14.300,-40.33,7.244,40.98
14.333,-40.33,7.243,40.98
14.367,-40.34,7.251,40.98
14.400,-40.34,7.249,40.98
14.433,-40.34,7.247,40.98
14.467,-40.34,7.245,40.98
14.500,-40.34,7.243,40.98
14.533,-40.34,7.243,40.98
14.567,-40.33,7.242,40.98
14.600,-40.33,7.241,40.98
14.633,-40.33,7.241,40.98
14.667,-40.33,7.241,40.98
14.700,-40.33,7.241,40.98
14.733,-40.33,7.241,40.98
14.767,-40.33,7.250,40.98
14.800,-40.33,7.248,40.98
14.833,-40.33,7.247,40.98
14.867,-40.33,7.247,40.98
14.900,-40.33,7.244,40.98
14.933,-40.33,7.244,40.97
14.967,-40.33,7.242,40.97
15.000,-40.33,7.246,40.97
15.033,-40.33,7.244,40.97
15.067,-40.33,7.244,40.98
15.100,-40.33,7.243,40.98
15.133,-40.33,7.243,40.98
15.167,-40.33,7.246,40.98
15.200,-40.33,7.247,40.98
15.233,-40.33,7.249,40.98
15.267,-40.33,7.247,40.98
15.300,-40.33,7.249,40.98
15.333,-40.33,7.249,40.98
15.367,-40.33,7.251,40.98
15.400,-40.33,7.249,40.98
15.433,-40.34,7.248,40.98
15.467,-40.34,7.247,40.99
15.500,-40.34,7.246,40.98
15.533,-40.34,7.245,40.98
15.567,-40.33,7.244,40.98
15.600,-40.33,7.244,40.98
15.633,-40.33,7.243,40.98
15.667,-40.33,7.243,40.98
15.700,-40.34,7.244,40.98
15.733,-40.34,7.245,40.98
15.767,-40.34,7.247,40.99
15.800,-40.34,7.247,40.99
15.833,-40.34,7.248,40.99
15.867,-40.34,7.246,40.99
15.900,-40.34,7.247,40.99
15.933,-40.34,7.245,40.99
15.967,-40.34,7.244,40.98
16.000,-40.34,7.243,40.98
16.033,-40.34,7.242,40.98
16.067,-40.34,7.240,40.98
16.100,-40.34,7.239,40.98
16.133,-40.34,7.239,40.98
16.167,-40.34,7.239,40.98
16.200,-40.34,7.239,40.98
16.233,-40.31,7.221,40.95
16.267,-40.32,7.224,40.96
16.300,-40.32,7.227,40.96
16.333,-40.32,7.229,40.97
16.367,-40.32,7.229,40.97
16.400,-40.32,7.228,40.96
16.433,-40.32,7.231,40.97
16.467,-40.33,7.234,40.97
16.500,-40.32,7.234,40.96
16.533,-40.32,7.235,40.97
16.567,-40.32,7.236,40.97
16.600,-40.32,7.236,40.97
16.633,-40.33,7.237,40.97
16.667,-40.33,7.242,40.97
16.700,-40.33,7.242,40.97
16.733,-40.33,7.243,40.98
16.767,-40.33,7.243,40.98
16.800,-40.34,7.243,40.98
16.833,-40.33,7.249,40.98
16.867,-40.33,7.249,40.98
16.900,-40.33,7.249,40.98
16.933,-40.33,7.248,40.98
16.967,-40.33,7.246,40.98
17.000,-40.33,7.246,40.98
17.033,-40.33,7.246,40.98
17.067,-40.32,7.249,40.97
17.100,-40.32,7.249,40.97
17.133,-40.32,7.252,40.97
17.167,-40.32,7.257,40.97
17.200,-40.32,7.246,40.97
17.233,-40.32,7.241,40.97
17.267,-40.32,7.244,40.96
17.300,-40.31,7.248,40.96
17.333,-40.32,7.248,40.96
17.367,-40.32,7.250,40.97
17.400,-40.32,7.251,40.97
17.433,-40.32,7.252,40.96
17.467,-40.32,7.250,40.97
17.500,-40.32,7.248,40.97
17.533,-40.32,7.247,40.97
17.567,-40.32,7.247,40.97
17.600,-40.32,7.246,40.97
17.633,-40.32,7.246,40.97
17.667,-40.32,7.246,40.97
17.700,-40.32,7.246,40.97
17.733,-40.33,7.242,40.97
17.767,-40.33,7.243,40.97
17.800,-40.33,7.243,40.97
17.833,-40.33,7.244,40.97
17.867,-40.33,7.244,40.98
17.900,-40.34,7.243,40.99
17.933,-40.34,7.243,40.98
17.967,-40.35,7.243,40.99
18.000,-40.34,7.243,40.99
18.033,-40.34,7.245,40.98
18.067,-40.33,7.245,40.98
18.100,-40.33,7.247,40.97
18.133,-40.33,7.247,40.98
18.167,-40.33,7.246,40.98
18.200,-40.33,7.246,40.98
18.233,-40.33,7.246,40.98
18.267,-40.33,7.246,40.98
18.300,-40.33,7.245,40.98
18.333,-40.33,7.245,40.98
18.367,-40.33,7.245,40.98
18.400,-40.33,7.245,40.97
18.433,-40.33,7.246,40.97
18.467,-40.33,7.245,40.97
18.500,-40.33,7.246,40.97
18.533,-40.33,7.245,40.97
18.567,-40.32,7.244,40.97
18.600,-40.33,7.244,40.97
18.633,-40.33,7.244,40.97
18.667,-40.33,7.244,40.97
18.700,-40.32,7.246,40.97
18.733,-40.32,7.250,40.97
18.767,-40.32,7.248,40.97
18.800,-40.33,7.247,40.97
18.833,-40.33,7.245,40.97
18.867,-40.33,7.244,40.98
18.900,-40.33,7.243,40.98
18.933,-40.33,7.246,40.98
18.967,-40.32,7.246,40.97
19.000,-40.32,7.248,40.97
19.033,-40.33,7.250,40.97
19.067,-40.33,7.251,40.97
19.100,-40.32,7.250,40.97
19.133,-40.33,7.251,40.98
19.167,-40.33,7.251,40.98
19.200,-40.33,7.253,40.98
19.233,-40.33,7.253,40.98
19.267,-40.33,7.251,40.98
19.300,-40.33,7.253,40.98
19.333,-40.33,7.252,40.98
19.367,-40.33,7.252,40.98
19.400,-40.34,7.251,40.98
19.433,-40.34,7.251,40.98
19.467,-40.34,7.251,40.98
19.500,-40.34,7.251,40.98
19.533,-40.34,7.251,40.98
19.567,-40.34,7.251,40.98
19.600,-40.34,7.256,40.98
19.633,-40.34,7.254,40.98
19.667,-40.34,7.253,40.98
19.700,-40.34,7.252,40.98
19.733,-40.34,7.251,40.98
19.767,-40.34,7.250,40.99
19.800,-40.34,7.250,40.99
19.833,-40.34,7.249,40.99
19.867,-40.34,7.250,40.99
19.900,-40.34,7.249,40.99
19.933,-40.34,7.250,40.99
19.967,-40.34,7.249,40.99
20.000,-40.34,7.248,40.99
20.033,-40.34,7.249,40.99
20.067,-40.34,7.247,40.99
20.100,-40.34,7.247,40.99
20.133,-40.34,7.238,40.98
20.167,-40.33,7.233,40.98
20.200,-40.33,7.236,40.98
20.233,-40.34,7.237,40.98
20.267,-40.34,7.240,40.98
20.300,-40.34,7.240,40.99
20.333,-40.35,7.239,40.99
20.367,-40.35,7.238,40.99
20.400,-40.33,7.236,40.98
20.433,-40.34,7.238,40.98
20.467,-40.34,7.240,40.98
20.500,-40.34,7.241,40.99
20.533,-40.34,7.240,40.99
20.567,-40.34,7.238,40.98
20.600,-40.34,7.238,40.98
20.633,-40.34,7.237,40.98
20.667,-40.34,7.242,40.99
20.700,-40.35,7.244,40.99
20.733,-40.35,7.247,40.99
20.767,-40.35,7.246,40.99
20.800,-40.35,7.240,40.99
20.833,-40.35,7.237,40.99
20.867,-40.34,7.236,40.99
20.900,-40.34,7.237,40.98
20.933,-40.34,7.239,40.98
20.967,-40.34,7.241,40.98
21.000,-40.34,7.247,40.99
21.033,-40.34,7.243,40.98
21.067,-40.33,7.233,40.98
21.100,-40.33,7.231,40.98
21.133,-40.33,7.234,40.97
21.167,-40.33,7.235,40.97
21.200,-40.33,7.238,40.98
21.233,-40.33,7.240,40.98
21.267,-40.33,7.238,40.97
21.300,-40.32,7.237,40.97
21.333,-40.32,7.236,40.96
21.367,-40.32,7.235,40.96
21.400,-40.30,7.234,40.95
21.433,-40.31,7.234,40.95
21.467,-40.30,7.229,40.95
21.500,-40.30,7.226,40.94
21.533,-40.30,7.237,40.95
21.567,-40.31,7.243,40.96
21.600,-40.32,7.246,40.97
21.633,-40.32,7.255,40.96
21.667,-40.33,7.260,40.97
21.700,-40.33,7.260,40.98
21.733,-40.32,7.256,40.97
21.767,-40.32,7.255,40.96
21.800,-40.31,7.256,40.95
21.833,-40.31,7.263,40.96
21.867,-40.32,7.265,40.96
21.900,-40.31,7.279,40.96
21.933,-40.31,7.279,40.96
21.967,-40.31,7.278,40.96
22.000,-40.30,7.277,40.96
22.033,-40.31,7.271,40.96
22.067,-40.30,7.272,40.95
22.100,-40.31,7.261,40.95
22.133,-40.30,7.266,40.95
22.167,-40.29,7.271,40.94
22.200,-40.29,7.275,40.94
22.233,-40.29,7.281,40.94
22.267,-40.30,7.278,40.95
22.300,-40.27,7.261,40.92
22.333,-40.21,7.275,40.86
22.367,-40.19,7.269,40.84
22.400,-40.17,7.282,40.82
22.433,-40.15,7.293,40.81
22.467,-40.14,7.303,40.80
22.500,-40.14,7.307,40.80
22.533,-40.13,7.311,40.79
22.567,-40.15,7.296,40.81
22.600,-40.14,7.305,40.80
22.633,-40.15,7.295,40.81
22.667,-40.14,7.290,40.79
22.700,-40.13,7.287,40.78
22.733,-40.12,7.290,40.78
22.767,-40.12,7.268,40.77
22.800,-40.06,7.295,40.72
22.833,-40.02,7.317,40.69
22.867,-40.03,7.305,40.69
22.900,-40.03,7.311,40.69
22.933,-40.01,7.307,40.68
22.967,-40.01,7.319,40.67
23.000,-40.00,7.321,40.67
23.033,-40.00,7.323,40.66
23.067,-40.00,7.303,40.66
23.100,-40.01,7.304,40.67
23.133,-39.99,7.294,40.65
23.167,-39.98,7.286,40.64
23.200,-39.96,7.331,40.62
23.233,-39.93,7.322,40.59
23.267,-39.89,7.318,40.56
23.300,-39.87,7.315,40.53
23.333,-39.86,7.315,40.53
23.367,-39.85,7.318,40.52
23.400,-39.85,7.320,40.52
23.433,-39.85,7.318,40.52
23.467,-39.79,7.395,40.47
23.500,-39.76,7.432,40.45
23.533,-39.74,7.457,40.44
23.567,-39.73,7.476,40.43
23.600,-39.66,7.505,40.36
23.633,-39.68,7.533,40.39
23.667,-39.69,7.552,40.40
23.700,-39.69,7.564,40.41
23.733,-39.70,7.569,40.41
23.767,-39.70,7.574,40.42
23.800,-39.70,7.578,40.42
23.833,-39.70,7.581,40.42
23.867,-39.70,7.584,40.42
23.900,-39.71,7.585,40.42
23.933,-39.71,7.586,40.42
23.967,-39.71,7.587,40.43
24.000,-39.71,7.587,40.43
24.033,-39.71,7.587,40.43
24.067,-39.71,7.587,40.43
24.100,-39.71,7.587,40.43
24.133,-39.71,7.580,40.43
24.167,-39.71,7.575,40.43
24.200,-39.71,7.570,40.42
24.233,-39.71,7.567,40.42
24.267,-39.71,7.571,40.42
24.300,-39.70,7.550,40.41
24.333,-39.70,7.548,40.41
24.367,-39.70,7.546,40.41
24.400,-39.69,7.535,40.40
24.433,-39.68,7.523,40.39
24.467,-39.74,7.494,40.44
24.500,-39.71,7.433,40.40
24.533,-39.69,7.409,40.37
24.567,-39.66,7.392,40.35
24.600,-39.64,7.401,40.32
24.633,-39.58,7.369,40.26
24.667,-39.54,7.349,40.22
24.700,-39.61,7.331,40.28
24.733,-39.59,7.310,40.26
24.767,-39.57,7.296,40.24
24.800,-39.56,7.275,40.22
24.833,-39.55,7.262,40.21
24.867,-39.54,7.241,40.19
24.900,-39.54,7.247,40.20
24.933,-39.52,7.230,40.18
24.967,-39.51,7.216,40.16
25.000,-39.49,7.204,40.14
25.033,-39.50,7.203,40.15
25.067,-39.51,7.205,40.16
25.100,-39.51,7.200,40.16
25.133,-39.51,7.202,40.16
25.167,-39.51,7.184,40.16
25.200,-39.52,7.204,40.17
25.233,-39.51,7.185,40.16
25.267,-39.52,7.205,40.17
25.300,-39.52,7.210,40.17
25.333,-39.52,7.220,40.18
25.367,-39.53,7.225,40.18
25.400,-39.53,7.230,40.18
25.433,-39.53,7.231,40.18
25.467,-39.52,7.233,40.18
25.500,-39.52,7.234,40.18
25.533,-39.52,7.236,40.18
25.567,-39.51,7.239,40.17
25.600,-39.51,7.241,40.17
25.633,-39.50,7.242,40.16
25.667,-39.50,7.244,40.16
25.700,-39.46,7.233,40.12
25.733,-39.43,7.236,40.09
25.767,-39.39,7.237,40.05
25.800,-39.37,7.241,40.03
25.833,-39.34,7.229,40.00
25.867,-39.32,7.218,39.98
25.900,-39.23,7.218,39.89
25.933,-39.22,7.225,39.88
25.967,-39.21,7.225,39.87
26.000,-39.14,7.216,39.80
26.033,-39.07,7.221,39.73
26.067,-39.04,7.226,39.70
26.100,-39.03,7.228,39.69
26.133,-39.01,7.230,39.68
26.167,-39.01,7.232,39.67
26.200,-39.01,7.235,39.67
26.233,-39.02,7.237,39.69
26.267,-38.99,7.238,39.66
26.300,-38.93,7.237,39.60
26.333,-38.90,7.238,39.57
26.367,-38.88,7.239,39.55
26.400,-38.88,7.239,39.55
26.433,-38.87,7.239,39.54
26.467,-38.87,7.240,39.54
26.500,-38.87,7.244,39.54
26.533,-38.87,7.248,39.54
26.567,-38.87,7.257,39.54
26.600,-38.87,7.253,39.54
26.633,-38.87,7.250,39.54
26.667,-38.87,7.248,39.54
26.700,-38.87,7.245,39.54
26.733,-38.87,7.247,39.54
26.767,-38.88,7.252,39.55
26.800,-38.88,7.250,39.55
26.833,-38.88,7.252,39.55
26.867,-38.88,7.254,39.55
26.900,-38.87,7.248,39.54
26.933,-38.87,7.254,39.54
26.967,-38.86,7.249,39.53
27.000,-38.87,7.247,39.54
27.033,-38.86,7.244,39.53
27.067,-38.86,7.242,39.53
27.100,-38.86,7.240,39.53
27.133,-38.86,7.241,39.53
27.167,-38.86,7.239,39.53
27.200,-38.85,7.239,39.52
27.233,-38.84,7.251,39.51
27.267,-38.80,7.249,39.47
27.300,-38.77,7.245,39.44
27.333,-38.76,7.244,39.43
27.367,-38.75,7.242,39.42
27.400,-38.74,7.243,39.41
27.433,-38.74,7.236,39.41
27.467,-38.74,7.231,39.41
27.500,-38.74,7.227,39.41
27.533,-38.74,7.225,39.41
27.567,-38.74,7.220,39.41
27.600,-38.75,7.218,39.41
27.633,-38.76,7.217,39.42
27.667,-38.75,7.212,39.42
27.700,-38.76,7.207,39.43
27.733,-38.75,7.165,39.41
27.767,-38.78,7.109,39.42
27.800,-38.79,7.073,39.43
27.833,-38.80,7.042,39.44
27.867,-38.85,7.044,39.48
27.900,-38.81,6.989,39.43
27.933,-38.84,6.937,39.45
27.967,-38.88,6.929,39.50
28.000,-38.96,6.880,39.56
28.033,-38.91,6.826,39.51
28.067,-38.96,6.772,39.54
28.100,-38.97,6.756,39.55
28.133,-38.99,6.724,39.56
28.167,-38.95,6.683,39.52
28.200,-38.95,6.641,39.51
28.233,-38.96,6.616,39.52
28.267,-38.97,6.597,39.53
28.300,-38.98,6.594,39.53
28.333,-38.98,6.590,39.53
28.367,-38.99,6.594,39.55
28.400,-39.01,6.648,39.57
28.433,-39.07,6.633,39.63
28.467,-39.11,6.625,39.67
28.500,-39.15,6.609,39.70
28.533,-39.16,6.609,39.72
28.567,-39.19,6.635,39.75
28.600,-39.25,6.632,39.81
28.633,-39.25,6.638,39.81
28.667,-39.33,6.656,39.89
28.700,-39.40,6.651,39.96
28.733,-39.46,6.656,40.01
28.767,-39.45,6.654,40.00
28.800,-39.44,6.605,39.99
28.833,-39.47,6.591,40.02
28.867,-39.55,6.510,40.09
28.900,-39.58,6.494,40.11
28.933,-39.59,6.447,40.12
28.967,-39.68,6.353,40.18
29.000,-39.69,6.312,40.19
29.033,-39.72,6.304,40.22
29.067,-39.74,6.292,40.24
29.100,-39.85,6.193,40.33
29.133,-39.94,6.208,40.42
29.167,-39.93,6.196,40.41
29.200,-39.96,6.167,40.43
29.233,-39.99,6.105,40.45
29.267,-40.03,6.127,40.49
29.300,-40.09,6.140,40.56
29.333,-40.14,6.122,40.60
29.367,-40.20,6.121,40.66
29.400,-40.24,6.133,40.71
29.433,-40.26,6.136,40.73
29.467,-40.27,6.139,40.74
29.500,-40.30,6.115,40.76
29.533,-40.32,6.125,40.78
29.567,-40.36,6.120,40.82
29.600,-40.38,6.115,40.84
29.633,-40.40,6.110,40.86
29.667,-40.41,6.106,40.87
29.700,-40.59,6.051,41.04
29.733,-40.58,6.031,41.03
29.767,-40.62,5.984,41.05
29.800,-40.65,5.958,41.08
29.833,-40.68,5.952,41.11
29.867,-40.86,5.895,41.28
29.900,-40.87,5.857,41.29
29.933,-40.88,5.834,41.29
29.967,-40.88,5.821,41.30
30.000,-40.20,5.708,40.60
