0.067,-12.55,-17.61,21.62
0.100,-12.70,-17.84,21.90
0.133,-12.76,-17.94,22.01
0.167,-12.72,-18.16,22.17
0.200,-12.77,-18.23,22.26
0.233,-12.85,-18.28,22.34
0.267,-12.86,-18.42,22.46
0.300,-12.95,-18.43,22.53
0.333,-12.98,-18.58,22.67
0.367,-13.01,-18.61,22.70
0.400,-13.03,-18.63,22.74
0.433,-12.99,-18.76,22.82
0.467,-13.01,-18.81,22.87
0.500,-13.02,-18.86,22.92
0.533,-13.00,-19.02,23.04
0.567,-13.08,-19.00,23.07
0.600,-13.04,-19.20,23.21
0.633,-13.05,-19.22,23.23
0.667,-13.10,-19.25,23.28
0.700,-13.11,-19.41,23.42
0.733,-13.15,-19.39,23.43
0.767,-13.17,-19.54,23.56
0.800,-13.16,-19.65,23.65
0.833,-13.29,-19.66,23.73
0.867,-13.22,-19.86,23.86
0.900,-13.25,-19.82,23.84
0.933,-13.23,-19.86,23.86
0.967,-13.21,-19.97,23.95
1.000,-13.22,-19.94,23.92
1.033,-13.20,-20.06,24.02
1.067,-13.20,-20.05,24.00
1.100,-13.18,-20.04,23.99
1.133,-13.17,-20.08,24.01
1.167,-13.22,-20.02,23.99
1.200,-13.22,-20.05,24.02
1.233,-13.21,-20.04,24.00
1.267,-13.18,-20.01,23.96
1.300,-13.16,-19.99,23.93
1.333,-13.15,-19.98,23.92
1.367,-13.15,-19.97,23.91
1.400,-13.15,-19.95,23.90
1.433,-13.15,-19.94,23.89
1.467,-13.13,-19.95,23.88
1.500,-13.11,-19.97,23.89
1.533,-13.04,-19.93,23.82
1.567,-13.06,-19.87,23.78
1.600,-13.02,-19.80,23.70
1.633,-13.03,-19.74,23.65
1.667,-12.97,-19.64,23.54
1.700,-13.00,-19.53,23.46
1.733,-12.99,-19.46,23.40
1.767,-13.02,-19.32,23.30
1.800,-13.03,-19.19,23.19
1.833,-13.03,-19.09,23.12
1.867,-13.03,-18.90,22.96
1.900,-12.99,-18.74,22.80
1.933,-12.98,-18.57,22.66
1.967,-12.99,-18.33,22.47
2.000,-13.00,-18.21,22.38
2.033,-13.01,-18.04,22.24
2.067,-12.98,-17.88,22.09
2.100,-12.91,-17.74,21.94
2.133,-12.87,-17.53,21.75
2.167,-12.85,-17.47,21.69
2.200,-12.83,-17.25,21.50
2.233,-12.81,-17.06,21.33
2.267,-12.78,-16.93,21.21
2.300,-12.75,-16.66,20.98
2.333,-12.71,-16.43,20.77
2.367,-12.67,-16.28,20.63
2.400,-12.65,-15.99,20.39
2.433,-12.61,-15.69,20.13
2.467,-12.56,-15.30,19.80
2.500,-12.63,-15.03,19.64
2.533,-12.66,-14.84,19.51
2.567,-12.70,-14.54,19.31
2.600,-12.73,-14.10,18.99
2.633,-12.77,-13.57,18.64
2.667,-12.72,-13.30,18.41
2.700,-12.66,-13.03,18.17
2.733,-12.70,-12.71,17.97
2.767,-12.72,-12.46,17.80
2.800,-12.74,-12.22,17.65
2.833,-12.77,-11.87,17.44
2.867,-12.75,-11.69,17.30
2.900,-12.73,-11.58,17.21
2.933,-12.81,-11.40,17.14
2.967,-12.86,-11.13,17.01
3.000,-12.84,-10.83,16.80
3.033,-12.87,-10.61,16.68
3.067,-12.87,-10.38,16.54
3.100,-12.86,-10.23,16.43
3.133,-12.88,-9.979,16.29
3.167,-12.86,-9.706,16.11
3.200,-12.89,-9.589,16.07
3.233,-12.87,-9.464,15.97
3.267,-12.86,-9.431,15.95
3.300,-12.89,-9.277,15.89
3.333,-12.83,-9.186,15.78
3.367,-12.79,-9.012,15.64
3.400,-12.70,-8.921,15.52
3.433,-12.65,-8.743,15.38
3.467,-12.70,-8.509,15.29
3.500,-12.62,-8.243,15.07
3.533,-12.62,-8.153,15.02
3.567,-12.60,-8.047,14.95
3.600,-12.54,-7.974,14.86
3.633,-12.55,-8.014,14.89
3.667,-12.52,-7.928,14.82
3.700,-12.56,-7.876,14.83
3.733,-12.50,-7.819,14.74
3.767,-12.51,-7.658,14.67
3.800,-12.54,-7.575,14.65
3.833,-12.49,-7.512,14.58
3.867,-12.51,-7.452,14.56
3.900,-12.50,-7.434,14.54
3.933,-12.46,-7.285,14.43
3.967,-12.40,-7.329,14.40
4.000,-12.42,-7.280,14.39
4.033,-12.43,-7.202,14.36
4.067,-12.35,-7.259,14.33
4.100,-12.40,-7.215,14.35
4.133,-12.25,-7.142,14.18
4.167,-12.22,-7.121,14.14
4.200,-12.24,-7.099,14.15
4.233,-12.16,-7.150,14.11
4.267,-12.23,-7.101,14.14
4.300,-12.22,-7.144,14.15
4.333,-12.24,-7.119,14.16
4.367,-12.25,-7.098,14.16
4.400,-12.21,-7.143,14.15
4.433,-12.23,-7.008,14.09
4.467,-12.23,-6.941,14.07
4.500,-12.18,-6.931,14.01
4.533,-12.20,-6.899,14.02
4.567,-12.14,-6.811,13.92
4.600,-12.15,-6.738,13.89
4.633,-12.11,-6.777,13.87
4.667,-12.08,-6.772,13.85
4.700,-12.09,-6.731,13.84
4.733,-12.00,-6.826,13.81
4.767,-12.00,-6.711,13.75
4.800,-11.96,-6.662,13.69
4.833,-11.90,-6.636,13.63
4.867,-11.90,-6.589,13.60
4.900,-11.72,-6.558,13.43
4.933,-11.75,-6.483,13.42
4.967,-11.69,-6.498,13.37
5.000,-11.67,-6.438,13.32
5.033,-11.61,-6.469,13.29
5.067,-11.53,-6.511,13.24
5.100,-11.41,-6.391,13.07
5.133,-11.29,-6.366,12.96
5.167,-11.23,-6.377,12.92
5.200,-11.16,-6.345,12.84
5.233,-10.98,-6.382,12.70
5.267,-10.92,-6.375,12.64
5.300,-10.91,-6.451,12.67
5.333,-10.88,-6.417,12.63
5.367,-10.80,-6.429,12.57
5.400,-10.73,-6.462,12.52
5.433,-10.65,-6.458,12.46
5.467,-10.52,-6.466,12.35
5.500,-10.44,-6.441,12.27
5.533,-10.35,-6.418,12.18
5.567,-10.24,-6.429,12.09
5.600,-10.09,-6.435,11.97
5.633,-10.02,-6.486,11.94
5.667,-9.954,-6.492,11.88
5.700,-9.885,-6.509,11.84
5.733,-9.776,-6.551,11.77
5.767,-9.644,-6.542,11.65
5.800,-9.544,-6.533,11.57
5.833,-9.424,-6.484,11.44
5.867,-9.295,-6.479,11.33
5.900,-9.216,-6.455,11.25
5.933,-9.181,-6.473,11.23
5.967,-9.165,-6.499,11.24
6.000,-9.153,-6.486,11.22
6.033,-9.166,-6.477,11.22
6.067,-9.178,-6.450,11.22
6.100,-9.187,-6.429,11.21
6.133,-9.232,-6.409,11.24
6.167,-9.232,-6.388,11.23
6.200,-9.226,-6.339,11.19
6.233,-9.223,-6.273,11.15
6.267,-9.168,-6.225,11.08
6.300,-9.132,-6.048,10.95
6.333,-9.115,-5.993,10.91
6.367,-9.099,-5.930,10.86
6.400,-9.048,-5.860,10.78
6.433,-9.071,-5.826,10.78
6.467,-9.065,-5.828,10.78
6.500,-9.062,-5.831,10.78
6.533,-9.047,-5.824,10.76
6.567,-9.039,-5.820,10.75
6.600,-9.023,-5.830,10.74
6.633,-9.012,-5.837,10.74
6.667,-9.015,-5.830,10.74
6.700,-9.019,-5.822,10.74
6.733,-9.018,-5.816,10.73
6.767,-9.027,-5.823,10.74
6.800,-9.034,-5.822,10.75
6.833,-9.040,-5.821,10.75
6.867,-9.046,-5.812,10.75
6.900,-9.046,-5.819,10.76
6.933,-9.034,-5.825,10.75
6.967,-9.028,-5.827,10.74
7.000,-9.022,-5.831,10.74
7.033,-9.018,-5.833,10.74
7.067,-9.025,-5.833,10.75
7.100,-9.032,-5.832,10.75
7.133,-9.036,-5.832,10.75
7.167,-9.039,-5.833,10.76
7.200,-9.040,-5.837,10.76
7.233,-9.040,-5.840,10.76
7.267,-9.041,-5.839,10.76
7.300,-9.042,-5.837,10.76
7.333,-9.040,-5.838,10.76
7.367,-9.042,-5.837,10.76
7.400,-9.042,-5.838,10.76
7.433,-9.043,-5.839,10.76
7.467,-9.038,-5.838,10.76
7.500,-9.033,-5.837,10.75
7.533,-9.036,-5.836,10.76
7.567,-9.038,-5.835,10.76
7.600,-9.032,-5.836,10.75
7.633,-9.027,-5.837,10.75
7.667,-9.031,-5.836,10.75
7.700,-9.033,-5.835,10.75
7.733,-9.035,-5.835,10.76
7.767,-9.036,-5.836,10.76
7.800,-9.036,-5.835,10.76
7.833,-9.037,-5.836,10.76
7.867,-9.041,-5.834,10.76
7.900,-9.041,-5.835,10.76
7.933,-9.041,-5.836,10.76
7.967,-9.041,-5.834,10.76
8.000,-9.056,-5.830,10.77
8.033,-9.067,-5.827,10.78
8.067,-9.062,-5.828,10.77
8.100,-9.058,-5.830,10.77
8.133,-9.062,-5.824,10.77
8.167,-9.063,-5.819,10.77
8.200,-9.059,-5.823,10.77
8.233,-9.057,-5.826,10.77
8.267,-9.055,-5.828,10.77
8.300,-9.054,-5.830,10.77
8.333,-9.049,-5.830,10.76
8.367,-9.050,-5.831,10.77
8.400,-9.049,-5.832,10.77
8.433,-9.049,-5.833,10.77
8.467,-9.049,-5.835,10.77
8.500,-9.041,-5.835,10.76
8.533,-9.036,-5.836,10.76
8.567,-9.039,-5.836,10.76
8.600,-9.041,-5.836,10.76
8.633,-9.043,-5.833,10.76
8.667,-9.044,-5.833,10.76
8.700,-9.044,-5.832,10.76
8.733,-9.046,-5.832,10.76
8.767,-9.048,-5.833,10.77
8.800,-9.049,-5.834,10.77
8.833,-9.052,-5.834,10.77
8.867,-9.050,-5.834,10.77
8.900,-9.046,-5.837,10.77
8.933,-9.046,-5.836,10.76
8.967,-9.043,-5.839,10.76
9.000,-9.044,-5.837,10.76
9.033,-9.040,-5.838,10.76
9.067,-9.037,-5.838,10.76
9.100,-9.035,-5.838,10.76
9.133,-9.034,-5.838,10.76
9.167,-9.025,-5.841,10.75
9.200,-9.030,-5.839,10.75
9.233,-9.029,-5.840,10.75
9.267,-9.026,-5.840,10.75
9.300,-9.031,-5.839,10.75
9.333,-9.034,-5.838,10.76
9.367,-9.036,-5.837,10.76
9.400,-9.038,-5.836,10.76
9.433,-9.038,-5.836,10.76
9.467,-9.035,-5.838,10.76
9.500,-9.034,-5.838,10.76
9.533,-9.035,-5.838,10.76
9.567,-9.035,-5.836,10.76
9.600,-9.037,-5.834,10.76
9.633,-9.037,-5.833,10.76
9.667,-9.039,-5.832,10.76
9.700,-9.050,-5.823,10.76
9.733,-9.048,-5.826,10.76
9.767,-9.057,-5.818,10.76
9.800,-9.053,-5.822,10.76
9.833,-9.050,-5.825,10.76
9.867,-9.049,-5.828,10.76
9.900,-9.059,-5.825,10.77
9.933,-9.067,-5.821,10.78
9.967,-9.063,-5.824,10.77
10.000,-9.058,-5.826,10.77
10.033,-9.056,-5.828,10.77
10.067,-9.054,-5.829,10.77
10.100,-9.053,-5.827,10.77
10.133,-9.052,-5.829,10.77
10.167,-9.055,-5.826,10.77
10.200,-9.054,-5.827,10.77
10.233,-9.052,-5.829,10.77
10.267,-9.052,-5.830,10.77
10.300,-9.048,-5.830,10.76
10.333,-9.048,-5.830,10.76
10.367,-9.048,-5.831,10.76
10.400,-9.045,-5.831,10.76
10.433,-9.045,-5.832,10.76
10.467,-9.046,-5.831,10.76
10.500,-9.047,-5.830,10.76
10.533,-9.046,-5.830,10.76
10.567,-9.048,-5.828,10.76
10.600,-9.047,-5.829,10.76
10.633,-9.051,-5.823,10.76
10.667,-9.050,-5.825,10.76
10.700,-9.049,-5.825,10.76
10.733,-9.050,-5.827,10.76
10.767,-9.051,-5.827,10.76
10.800,-9.050,-5.827,10.76
10.833,-9.050,-5.827,10.76
10.867,-9.050,-5.827,10.76
10.900,-9.051,-5.826,10.76
10.933,-9.052,-5.826,10.76
10.967,-9.053,-5.824,10.76
11.000,-9.053,-5.825,10.77
11.033,-9.054,-5.825,10.77
11.067,-9.053,-5.826,10.77
11.100,-9.052,-5.826,10.76
11.133,-9.051,-5.826,10.76
11.167,-9.052,-5.820,10.76
11.200,-9.052,-5.822,10.76
11.233,-9.052,-5.823,10.76
11.267,-9.051,-5.824,10.76
11.300,-9.052,-5.825,10.76
11.333,-9.053,-5.825,10.76
11.367,-9.055,-5.826,10.77
11.400,-9.054,-5.826,10.77
11.433,-9.053,-5.827,10.77
11.467,-9.053,-5.827,10.77
11.500,-9.054,-5.827,10.77
11.533,-9.055,-5.827,10.77
11.567,-9.071,-5.821,10.78
11.600,-9.084,-5.818,10.79
11.633,-9.075,-5.821,10.78
11.667,-9.068,-5.824,10.78
11.700,-9.072,-5.817,10.78
11.733,-9.076,-5.811,10.78
11.767,-9.069,-5.815,10.77
11.800,-9.064,-5.819,10.77
11.833,-9.060,-5.819,10.77
11.867,-9.057,-5.822,10.77
11.900,-9.055,-5.822,10.77
11.933,-9.056,-5.821,10.77
11.967,-9.056,-5.823,10.77
12.000,-9.057,-5.823,10.77
12.033,-9.057,-5.823,10.77
12.067,-9.058,-5.824,10.77
12.100,-9.056,-5.828,10.77
12.133,-9.054,-5.831,10.77
12.167,-9.051,-5.836,10.77
12.200,-9.051,-5.834,10.77
12.233,-9.036,-5.844,10.76
12.267,-9.039,-5.840,10.76
12.300,-9.034,-5.843,10.76
12.333,-9.030,-5.845,10.76
12.367,-9.027,-5.847,10.75
12.400,-9.024,-5.845,10.75
12.433,-9.030,-5.844,10.76
12.467,-9.035,-5.839,10.76
12.500,-9.037,-5.837,10.76
12.533,-9.039,-5.836,10.76
12.567,-9.040,-5.837,10.76
12.600,-9.041,-5.836,10.76
12.633,-9.041,-5.836,10.76
12.667,-9.041,-5.836,10.76
12.700,-9.041,-5.836,10.76
12.733,-9.041,-5.836,10.76
12.767,-9.040,-5.840,10.76
12.800,-9.041,-5.843,10.77
12.833,-9.042,-5.841,10.76
12.867,-9.043,-5.840,10.77
12.900,-9.044,-5.839,10.77
12.933,-9.045,-5.838,10.77
12.967,-9.045,-5.838,10.77
13.000,-9.045,-5.838,10.77
13.033,-9.039,-5.839,10.76
13.067,-9.034,-5.840,10.76
13.100,-9.030,-5.841,10.75
13.133,-9.027,-5.842,10.75
13.167,-9.032,-5.840,10.76
13.200,-9.036,-5.838,10.76
13.233,-9.038,-5.837,10.76
13.267,-9.040,-5.837,10.76
13.300,-9.041,-5.837,10.76
13.333,-9.041,-5.837,10.76
13.367,-9.041,-5.837,10.76
13.400,-9.041,-5.837,10.76
13.433,-9.046,-5.832,10.76
13.467,-9.050,-5.829,10.76
13.500,-9.054,-5.827,10.77
13.533,-9.060,-5.822,10.77
13.567,-9.056,-5.826,10.77
13.600,-9.054,-5.830,10.77
13.633,-9.052,-5.832,10.77
13.667,-9.051,-5.835,10.77
13.700,-9.051,-5.833,10.77
13.733,-9.053,-5.831,10.77
13.767,-9.052,-5.832,10.77
13.800,-9.051,-5.833,10.77
13.833,-9.051,-5.833,10.77
13.867,-9.050,-5.831,10.77
13.900,-9.049,-5.832,10.77
13.933,-9.048,-5.833,10.77
13.967,-9.048,-5.833,10.76
14.000,-9.049,-5.833,10.77
14.033,-9.049,-5.833,10.77
14.067,-9.050,-5.832,10.77
14.100,-9.049,-5.833,10.77
14.133,-9.049,-5.833,10.77
14.167,-9.048,-5.833,10.76
14.200,-9.048,-5.833,10.76
14.233,-9.049,-5.832,10.77
14.267,-9.049,-5.832,10.77
14.300,-9.048,-5.832,10.76
14.333,-9.049,-5.831,10.77
14.367,-9.049,-5.829,10.76
14.400,-9.049,-5.828,10.76
14.433,-9.049,-5.826,10.76
14.467,-9.049,-5.825,10.76
14.500,-9.049,-5.827,10.76
14.533,-9.042,-5.833,10.76
14.567,-9.042,-5.834,10.76
14.600,-9.042,-5.834,10.76
14.633,-9.044,-5.832,10.76
14.667,-9.044,-5.831,10.76
14.700,-9.045,-5.831,10.76
14.733,-9.046,-5.831,10.76
14.767,-9.044,-5.831,10.76
14.800,-9.043,-5.831,10.76
14.833,-9.040,-5.831,10.76
14.867,-9.041,-5.831,10.76
14.900,-9.039,-5.829,10.76
14.933,-9.037,-5.826,10.75
14.967,-9.031,-5.824,10.75
15.000,-9.035,-5.825,10.75
15.033,-9.038,-5.826,10.75
15.067,-9.040,-5.828,10.76
15.100,-9.041,-5.828,10.76
15.133,-9.041,-5.828,10.76
15.167,-9.042,-5.828,10.76
15.200,-9.042,-5.828,10.76
15.233,-9.042,-5.829,10.76
15.267,-9.042,-5.829,10.76
15.300,-9.046,-5.822,10.76
15.333,-9.045,-5.824,10.76
15.367,-9.048,-5.818,10.76
15.400,-9.047,-5.821,10.76
15.433,-9.049,-5.823,10.76
15.467,-9.052,-5.823,10.76
15.500,-9.053,-5.824,10.76
15.533,-9.056,-5.824,10.77
15.567,-9.055,-5.822,10.77
15.600,-9.056,-5.821,10.77
15.633,-9.054,-5.823,10.77
15.667,-9.053,-5.824,10.76
15.700,-9.057,-5.821,10.77
15.733,-9.059,-5.819,10.77
15.767,-9.061,-5.817,10.77
15.800,-9.062,-5.815,10.77
15.833,-9.058,-5.819,10.77
15.867,-9.056,-5.822,10.77
15.900,-9.056,-5.821,10.77
15.933,-9.055,-5.821,10.76
15.967,-9.061,-5.818,10.77
16.000,-9.065,-5.816,10.77
16.033,-9.061,-5.819,10.77
16.067,-9.058,-5.821,10.77
16.100,-9.063,-5.818,10.77
16.133,-9.059,-5.820,10.77
16.167,-9.060,-5.819,10.77
16.200,-9.062,-5.818,10.77
16.233,-9.063,-5.819,10.77
16.267,-9.066,-5.819,10.77
16.300,-9.067,-5.820,10.77
16.333,-9.069,-5.820,10.78
16.367,-9.064,-5.822,10.77
16.400,-9.062,-5.823,10.77
16.433,-9.060,-5.824,10.77
16.467,-9.059,-5.824,10.77
16.500,-9.060,-5.823,10.77
16.533,-9.061,-5.823,10.77
16.567,-9.059,-5.824,10.77
16.600,-9.057,-5.825,10.77
16.633,-9.055,-5.826,10.77
16.667,-9.058,-5.829,10.77
16.700,-9.056,-5.829,10.77
16.733,-9.054,-5.830,10.77
16.767,-9.053,-5.830,10.77
16.800,-9.052,-5.830,10.77
16.833,-9.037,-5.832,10.76
16.867,-9.040,-5.832,10.76
16.900,-9.043,-5.832,10.76
16.933,-9.045,-5.832,10.76
16.967,-9.045,-5.833,10.76
17.000,-9.047,-5.833,10.76
17.033,-9.047,-5.832,10.76
17.067,-9.047,-5.833,10.76
17.100,-9.048,-5.833,10.76
17.133,-9.048,-5.832,10.77
17.167,-9.048,-5.832,10.77
17.200,-9.037,-5.839,10.76
17.233,-9.040,-5.837,10.76
17.267,-9.036,-5.839,10.76
17.300,-9.035,-5.840,10.76
17.333,-9.036,-5.839,10.76
17.367,-9.039,-5.837,10.76
17.400,-9.039,-5.836,10.76
17.433,-9.041,-5.835,10.76
17.467,-9.044,-5.837,10.76
17.500,-9.045,-5.837,10.76
17.533,-9.046,-5.838,10.77
17.567,-9.048,-5.839,10.77
17.600,-9.047,-5.836,10.77
17.633,-9.041,-5.841,10.76
17.667,-9.039,-5.842,10.76
17.700,-9.038,-5.840,10.76
17.733,-9.040,-5.841,10.76
17.767,-9.039,-5.839,10.76
17.800,-9.041,-5.837,10.76
17.833,-9.042,-5.836,10.76
17.867,-9.043,-5.835,10.76
17.900,-9.043,-5.835,10.76
17.933,-9.043,-5.835,10.76
17.967,-9.043,-5.834,10.76
18.000,-9.045,-5.833,10.76
18.033,-9.047,-5.833,10.76
18.067,-9.049,-5.832,10.77
18.100,-9.050,-5.832,10.77
18.133,-9.071,-5.821,10.78
18.167,-9.064,-5.825,10.77
18.200,-9.060,-5.826,10.77
18.233,-9.058,-5.828,10.77
18.267,-9.060,-5.823,10.77
18.300,-9.062,-5.818,10.77
18.333,-9.059,-5.821,10.77
18.367,-9.057,-5.824,10.77
18.400,-9.062,-5.825,10.77
18.433,-9.067,-5.825,10.78
18.467,-9.062,-5.827,10.77
18.500,-9.060,-5.828,10.77
18.533,-9.057,-5.823,10.77
18.567,-9.055,-5.818,10.76
18.600,-9.053,-5.821,10.76
18.633,-9.052,-5.823,10.76
18.667,-9.053,-5.822,10.76
18.700,-9.055,-5.822,10.77
18.733,-9.056,-5.821,10.77
18.767,-9.058,-5.820,10.77
18.800,-9.056,-5.822,10.77
18.833,-9.055,-5.825,10.77
18.867,-9.054,-5.826,10.77
18.900,-9.055,-5.827,10.77
18.933,-9.054,-5.827,10.77
18.967,-9.054,-5.827,10.77
19.000,-9.054,-5.827,10.77
19.033,-9.054,-5.827,10.77
19.067,-9.054,-5.826,10.77
19.100,-9.054,-5.826,10.77
19.133,-9.053,-5.833,10.77
19.167,-9.053,-5.837,10.77
19.200,-9.049,-5.845,10.77
19.233,-9.049,-5.841,10.77
19.267,-9.047,-5.843,10.77
19.300,-9.047,-5.843,10.77
19.333,-9.048,-5.841,10.77
19.367,-9.048,-5.839,10.77
19.400,-9.048,-5.838,10.77
19.433,-9.048,-5.838,10.77
19.467,-9.038,-5.839,10.76
19.500,-9.042,-5.837,10.76
19.533,-9.032,-5.837,10.75
19.567,-9.037,-5.836,10.76
19.600,-9.039,-5.835,10.76
19.633,-9.041,-5.834,10.76
19.667,-9.042,-5.834,10.76
19.700,-9.043,-5.834,10.76
19.733,-9.043,-5.832,10.76
19.767,-9.043,-5.831,10.76
19.800,-9.042,-5.829,10.76
19.833,-9.043,-5.828,10.76
19.867,-9.044,-5.827,10.76
19.900,-9.045,-5.827,10.76
19.933,-9.045,-5.828,10.76
19.967,-9.045,-5.828,10.76
20.000,-9.045,-5.829,10.76
20.033,-9.045,-5.829,10.76
20.067,-9.045,-5.829,10.76
20.100,-9.045,-5.829,10.76
20.133,-9.045,-5.829,10.76
20.167,-9.045,-5.829,10.76
20.200,-9.045,-5.829,10.76
20.233,-9.045,-5.829,10.76
20.267,-9.042,-5.829,10.76
20.300,-9.043,-5.829,10.76
20.333,-9.043,-5.830,10.76
20.367,-9.044,-5.831,10.76
20.400,-9.045,-5.830,10.76
20.433,-9.045,-5.830,10.76
20.467,-9.045,-5.830,10.76
20.500,-9.044,-5.831,10.76
20.533,-9.048,-5.830,10.76
20.567,-9.050,-5.830,10.77
20.600,-9.053,-5.830,10.77
20.633,-9.054,-5.830,10.77
20.667,-9.058,-5.814,10.76
20.700,-9.062,-5.802,10.76
20.733,-9.059,-5.808,10.76
20.767,-9.056,-5.813,10.76
20.800,-9.059,-5.812,10.76
20.833,-9.062,-5.811,10.77
20.867,-9.059,-5.815,10.76
20.900,-9.056,-5.818,10.76
20.933,-9.064,-5.818,10.77
20.967,-9.069,-5.818,10.78
21.000,-9.064,-5.821,10.77
21.033,-9.061,-5.822,10.77
21.067,-9.075,-5.815,10.78
21.100,-9.069,-5.818,10.77
21.133,-9.065,-5.821,10.77
21.167,-9.062,-5.822,10.77
21.200,-9.061,-5.823,10.77
21.233,-9.060,-5.825,10.77
21.267,-9.059,-5.826,10.77
21.300,-9.061,-5.827,10.77
21.333,-9.060,-5.828,10.77
21.367,-9.057,-5.828,10.77
21.400,-9.056,-5.828,10.77
21.433,-9.055,-5.828,10.77
21.467,-9.053,-5.832,10.77
21.500,-9.052,-5.833,10.77
21.533,-9.051,-5.836,10.77
21.567,-9.050,-5.837,10.77
21.600,-9.047,-5.842,10.77
21.633,-9.044,-5.844,10.77
21.667,-9.046,-5.841,10.77
21.700,-9.047,-5.839,10.77
21.733,-9.047,-5.837,10.77
21.767,-9.047,-5.835,10.77
21.800,-9.046,-5.833,10.76
21.833,-9.046,-5.832,10.76
21.867,-9.043,-5.835,10.76
21.900,-9.041,-5.837,10.76
21.933,-9.039,-5.838,10.76
21.967,-9.037,-5.838,10.76
22.000,-9.036,-5.838,10.76
22.033,-9.035,-5.838,10.76
22.067,-9.038,-5.836,10.76
22.100,-9.041,-5.834,10.76
22.133,-9.041,-5.834,10.76
22.167,-9.044,-5.833,10.76
22.200,-9.045,-5.832,10.76
22.233,-9.045,-5.832,10.76
22.267,-9.044,-5.833,10.76
22.300,-9.042,-5.833,10.76
22.333,-9.043,-5.833,10.76
22.367,-9.044,-5.833,10.76
22.400,-9.045,-5.832,10.76
22.433,-9.046,-5.832,10.76
22.467,-9.046,-5.832,10.76
22.500,-9.046,-5.832,10.76
22.533,-9.030,-5.841,10.75
22.567,-9.034,-5.839,10.76
22.600,-9.037,-5.837,10.76
22.633,-9.040,-5.835,10.76
22.667,-9.042,-5.834,10.76
22.700,-9.043,-5.834,10.76
22.733,-9.044,-5.833,10.76
22.767,-9.044,-5.833,10.76
22.800,-9.044,-5.833,10.76
22.833,-9.042,-5.833,10.76
22.867,-9.043,-5.833,10.76
22.900,-9.043,-5.833,10.76
22.933,-9.047,-5.828,10.76
22.967,-9.050,-5.825,10.76
23.000,-9.057,-5.817,10.76
23.033,-9.054,-5.821,10.76
23.067,-9.064,-5.814,10.77
23.100,-9.060,-5.818,10.77
23.133,-9.057,-5.821,10.77
23.167,-9.055,-5.824,10.77
23.200,-9.056,-5.824,10.77
23.233,-9.058,-5.824,10.77
23.267,-9.063,-5.821,10.77
23.300,-9.060,-5.824,10.77
23.333,-9.066,-5.822,10.77
23.367,-9.070,-5.819,10.78
23.400,-9.065,-5.822,10.77
23.433,-9.061,-5.824,10.77
23.467,-9.059,-5.826,10.77
23.500,-9.057,-5.827,10.77
23.533,-9.056,-5.827,10.77
23.567,-9.055,-5.828,10.77
23.600,-9.059,-5.825,10.77
23.633,-9.063,-5.823,10.77
23.667,-9.071,-5.818,10.78
23.700,-9.066,-5.821,10.77
23.733,-9.060,-5.825,10.77
23.767,-9.057,-5.827,10.77
23.800,-9.054,-5.829,10.77
23.833,-9.054,-5.831,10.77
23.867,-9.056,-5.830,10.77
23.900,-9.055,-5.830,10.77
23.933,-9.055,-5.831,10.77
23.967,-9.054,-5.829,10.77
24.000,-9.053,-5.832,10.77
24.033,-9.052,-5.832,10.77
24.067,-9.051,-5.834,10.77
24.100,-9.050,-5.833,10.77
24.133,-9.050,-5.831,10.77
24.167,-9.049,-5.830,10.76
24.200,-9.049,-5.830,10.76
24.233,-9.050,-5.830,10.76
24.267,-9.047,-5.831,10.76
24.300,-9.045,-5.833,10.76
24.333,-9.046,-5.832,10.76
24.367,-9.047,-5.831,10.76
24.400,-9.047,-5.829,10.76
24.433,-9.046,-5.828,10.76
24.467,-9.047,-5.826,10.76
24.500,-9.046,-5.825,10.76
24.533,-9.047,-5.826,10.76
24.567,-9.048,-5.827,10.76
24.600,-9.048,-5.827,10.76
24.633,-9.048,-5.827,10.76
24.667,-9.047,-5.827,10.76
24.700,-9.048,-5.827,10.76
24.733,-9.047,-5.827,10.76
24.767,-9.049,-5.827,10.76
24.800,-9.055,-5.824,10.77
24.833,-9.060,-5.822,10.77
24.867,-9.058,-5.824,10.77
24.900,-9.056,-5.825,10.77
24.933,-9.055,-5.827,10.77
24.967,-9.054,-5.827,10.77
25.000,-9.064,-5.823,10.77
25.033,-9.063,-5.823,10.77
25.067,-9.062,-5.823,10.77
25.100,-9.064,-5.821,10.77
25.133,-9.060,-5.823,10.77
25.167,-9.058,-5.825,10.77
25.200,-9.056,-5.827,10.77
25.233,-9.055,-5.827,10.77
25.267,-9.055,-5.828,10.77
25.300,-9.058,-5.827,10.77
25.333,-9.061,-5.827,10.77
25.367,-9.063,-5.827,10.77
25.400,-9.064,-5.826,10.77
25.433,-9.061,-5.827,10.77
25.467,-9.059,-5.832,10.77
25.500,-9.057,-5.832,10.77
25.533,-9.056,-5.831,10.77
25.567,-9.062,-5.822,10.77
25.600,-9.065,-5.815,10.77
25.633,-9.062,-5.818,10.77
25.667,-9.060,-5.820,10.77
25.700,-9.055,-5.825,10.77
25.733,-9.050,-5.829,10.76
25.767,-9.043,-5.834,10.76
25.800,-9.045,-5.832,10.76
25.833,-9.044,-5.832,10.76
25.867,-9.043,-5.831,10.76
25.900,-9.045,-5.830,10.76
25.933,-9.046,-5.829,10.76
25.967,-9.042,-5.827,10.76
26.000,-9.040,-5.826,10.75
26.033,-9.042,-5.826,10.76
26.067,-9.044,-5.826,10.76
26.100,-9.046,-5.826,10.76
26.133,-9.047,-5.826,10.76
26.167,-9.047,-5.826,10.76
26.200,-9.047,-5.826,10.76
26.233,-9.047,-5.826,10.76
26.267,-9.046,-5.830,10.76
26.300,-9.045,-5.831,10.76
26.333,-9.045,-5.831,10.76
26.367,-9.045,-5.831,10.76
26.400,-9.044,-5.831,10.76
26.433,-9.044,-5.831,10.76
26.467,-9.044,-5.831,10.76
26.500,-9.045,-5.830,10.76
26.533,-9.046,-5.829,10.76
26.567,-9.047,-5.828,10.76
26.600,-9.047,-5.827,10.76
26.633,-9.045,-5.829,10.76
26.667,-9.042,-5.829,10.76
26.700,-9.044,-5.829,10.76
26.733,-9.046,-5.828,10.76
26.767,-9.048,-5.826,10.76
26.800,-9.049,-5.825,10.76
26.833,-9.050,-5.825,10.76
26.867,-9.050,-5.825,10.76
26.900,-9.053,-5.824,10.76
26.933,-9.056,-5.823,10.77
26.967,-9.055,-5.824,10.77
27.000,-9.054,-5.825,10.77
27.033,-9.075,-5.808,10.77
27.067,-9.067,-5.813,10.77
27.100,-9.062,-5.817,10.77
27.133,-9.058,-5.820,10.77
27.167,-9.056,-5.822,10.77
27.200,-9.069,-5.815,10.77
27.233,-9.072,-5.813,10.78
27.267,-9.075,-5.812,10.78
27.300,-9.072,-5.814,10.77
27.333,-9.069,-5.815,10.77
27.367,-9.072,-5.814,10.77
27.400,-9.067,-5.817,10.77
27.433,-9.063,-5.820,10.77
27.467,-9.061,-5.822,10.77
27.500,-9.059,-5.823,10.77
27.533,-9.058,-5.824,10.77
27.567,-9.058,-5.825,10.77
27.600,-9.059,-5.824,10.77
27.633,-9.061,-5.823,10.77
27.667,-9.060,-5.823,10.77
27.700,-9.061,-5.831,10.77
27.733,-9.062,-5.838,10.78
27.767,-9.060,-5.836,10.78
27.800,-9.058,-5.834,10.77
27.833,-9.055,-5.835,10.77
27.867,-9.052,-5.836,10.77
27.900,-9.051,-5.837,10.77
27.933,-9.051,-5.838,10.77
27.967,-9.043,-5.840,10.76
28.000,-9.038,-5.840,10.76
28.033,-9.033,-5.840,10.76
28.067,-9.031,-5.841,10.76
28.100,-9.036,-5.838,10.76
28.133,-9.040,-5.836,10.76
28.167,-9.042,-5.835,10.76
28.200,-9.044,-5.834,10.76
28.233,-9.045,-5.833,10.76
28.267,-9.045,-5.833,10.76
28.300,-9.045,-5.833,10.76
28.333,-9.045,-5.833,10.76
28.367,-9.046,-5.833,10.76
28.400,-9.045,-5.833,10.76
28.433,-9.044,-5.839,10.76
28.467,-9.042,-5.843,10.77
28.500,-9.044,-5.841,10.77
28.533,-9.045,-5.839,10.77
28.567,-9.049,-5.837,10.77
28.600,-9.049,-5.836,10.77
28.633,-9.042,-5.843,10.77
28.667,-9.036,-5.846,10.76
28.700,-9.040,-5.843,10.76
28.733,-9.043,-5.840,10.76
28.767,-9.045,-5.839,10.77
28.800,-9.046,-5.838,10.77
28.833,-9.047,-5.837,10.77
28.867,-9.048,-5.837,10.77
28.900,-9.039,-5.839,10.76
28.933,-9.033,-5.841,10.76
28.967,-9.021,-5.843,10.75
29.000,-9.029,-5.841,10.75
29.033,-9.041,-5.840,10.76
29.067,-9.044,-5.838,10.76
29.100,-9.046,-5.837,10.77
29.133,-9.047,-5.836,10.77
29.167,-9.050,-5.833,10.77
29.200,-9.051,-5.830,10.77
29.233,-9.054,-5.826,10.77
29.267,-9.053,-5.828,10.77
29.300,-9.068,-5.811,10.77
29.333,-9.062,-5.816,10.77
29.367,-9.059,-5.820,10.77
29.400,-9.056,-5.823,10.77
29.433,-9.062,-5.822,10.77
29.467,-9.059,-5.824,10.77
29.500,-9.063,-5.823,10.77
29.533,-9.060,-5.825,10.77
29.567,-9.062,-5.825,10.77
29.600,-9.065,-5.825,10.77
29.633,-9.067,-5.824,10.78
29.667,-9.068,-5.823,10.78
29.700,-9.064,-5.825,10.77
29.733,-9.061,-5.826,10.77
29.767,-9.061,-5.827,10.77
29.800,-9.059,-5.827,10.77
29.833,-9.057,-5.828,10.77
29.867,-9.058,-5.828,10.77
29.900,-9.060,-5.829,10.77
29.933,-9.059,-5.829,10.77
29.967,-9.057,-5.829,10.77
30.000,-8.904,-5.730,10.59
