0.000,-37.53,13.78,39.98
0.033,-37.29,13.81,39.77
0.067,-37.00,13.83,39.50
0.100,-36.81,13.82,39.32
0.133,-36.62,13.94,39.18
0.167,-36.38,14.04,39.00
0.200,-36.17,14.27,38.89
0.233,-35.98,14.30,38.72
0.267,-35.74,14.37,38.52
0.300,-35.55,14.46,38.38
0.333,-35.25,14.43,38.09
0.367,-35.05,14.55,37.95
0.400,-34.84,14.52,37.74
0.433,-34.65,14.53,37.57
0.467,-34.42,14.48,37.35
0.500,-34.19,14.32,37.06
0.533,-33.99,14.26,36.86
0.567,-33.86,14.10,36.68
0.600,-33.75,14.02,36.54
0.633,-33.51,13.92,36.28
0.667,-33.42,13.78,36.15
0.700,-33.29,13.68,35.99
0.733,-33.19,13.53,35.84
0.767,-33.19,13.44,35.81
0.800,-33.09,13.26,35.65
0.833,-32.97,13.10,35.48
0.867,-32.80,12.95,35.27
0.900,-32.75,12.80,35.16
0.933,-32.65,12.56,34.98
0.967,-32.56,12.36,34.83
1.000,-32.47,12.22,34.69
1.033,-32.36,12.06,34.53
1.067,-32.16,11.78,34.25
1.100,-32.13,11.65,34.18
1.133,-31.94,11.45,33.93
1.167,-31.86,11.25,33.78
1.200,-31.78,11.24,33.71
1.233,-31.49,10.99,33.36
1.267,-31.39,10.90,33.23
1.300,-31.23,10.75,33.02
1.333,-31.20,10.73,32.99
1.367,-31.03,10.69,32.82
1.400,-31.03,10.60,32.79
1.433,-30.98,10.61,32.75
1.467,-30.95,10.56,32.70
1.500,-30.91,10.55,32.66
1.533,-30.88,10.60,32.65
1.567,-30.87,10.61,32.64
1.600,-30.88,10.70,32.68
1.633,-30.81,10.75,32.63
1.667,-30.76,10.73,32.58
1.700,-30.67,10.78,32.51
1.733,-30.60,10.77,32.44
1.767,-30.56,10.79,32.41
1.800,-30.53,10.81,32.39
1.833,-30.48,10.80,32.34
1.867,-30.44,10.83,32.31
1.900,-30.43,10.81,32.29
1.933,-30.36,10.84,32.24
1.967,-30.33,10.87,32.22
2.000,-30.30,10.94,32.22
2.033,-30.25,10.96,32.17
2.067,-30.21,10.98,32.14
2.100,-30.10,11.02,32.05
2.133,-30.07,11.09,32.05
2.167,-30.07,11.15,32.07
2.200,-30.03,11.24,32.06
2.233,-29.97,11.40,32.07
2.267,-29.80,11.54,31.96
2.300,-29.68,11.70,31.90
2.333,-29.52,11.87,31.82
2.367,-29.45,11.93,31.77
2.400,-29.35,12.09,31.74
2.433,-29.22,12.15,31.65
2.467,-29.10,12.37,31.62
2.500,-29.03,12.57,31.64
2.533,-28.92,12.64,31.56
2.567,-28.80,12.84,31.53
2.600,-28.66,12.96,31.46
2.633,-28.62,13.01,31.44
2.667,-28.54,13.15,31.42
2.700,-28.53,13.22,31.44
2.733,-28.42,13.28,31.37
2.767,-28.30,13.29,31.26
2.800,-28.28,13.33,31.26
2.833,-28.09,13.46,31.15
2.867,-27.92,13.52,31.02
2.900,-27.74,13.63,30.91
2.933,-27.67,13.65,30.86
2.967,-27.44,13.85,30.74
3.000,-27.27,13.85,30.59
3.033,-27.14,13.84,30.46
3.067,-26.95,13.82,30.29
3.100,-26.74,13.82,30.10
3.133,-26.55,13.87,29.95
3.167,-26.46,13.94,29.90
3.200,-26.25,14.02,29.76
3.233,-26.08,14.12,29.65
3.267,-25.93,14.12,29.53
3.300,-25.79,14.16,29.42
3.333,-25.70,14.17,29.35
3.367,-25.54,14.19,29.22
3.400,-25.40,14.22,29.11
3.433,-25.22,14.23,28.96
3.467,-25.05,14.24,28.81
3.500,-24.94,14.21,28.71
3.533,-24.81,14.18,28.57
3.567,-24.66,14.16,28.43
3.600,-24.58,14.09,28.33
3.633,-24.48,14.04,28.22
3.667,-24.25,13.98,27.99
3.700,-24.08,13.93,27.82
3.733,-24.00,13.90,27.74
3.767,-23.80,13.82,27.52
3.800,-23.65,13.73,27.34
3.833,-23.48,13.66,27.17
3.867,-23.32,13.60,27.00
3.900,-23.07,13.54,26.75
3.933,-23.04,13.45,26.68
3.967,-22.98,13.40,26.60
4.000,-22.88,13.32,26.47
4.033,-22.85,13.32,26.45
4.067,-22.86,13.24,26.41
4.100,-22.77,13.15,26.30
4.133,-22.70,13.02,26.17
4.167,-22.72,12.91,26.13
4.200,-22.60,12.88,26.02
4.233,-22.60,12.80,25.97
4.267,-22.51,12.68,25.84
4.300,-22.45,12.68,25.78
4.333,-22.37,12.66,25.70
4.367,-22.29,12.72,25.67
4.400,-22.32,12.78,25.72
4.433,-22.26,12.86,25.71
4.467,-22.17,12.86,25.63
4.500,-22.04,12.87,25.52
4.533,-21.98,12.88,25.48
4.567,-21.89,12.96,25.44
4.600,-21.83,13.09,25.45
4.633,-21.93,13.30,25.65
4.667,-21.86,13.46,25.67
4.700,-21.72,13.52,25.58
4.733,-21.59,13.61,25.52
4.767,-21.49,13.69,25.48
4.800,-21.41,13.79,25.47
4.833,-21.32,13.91,25.45
4.867,-21.27,13.98,25.45
4.900,-21.20,14.07,25.45
4.933,-21.08,14.19,25.41
4.967,-21.07,14.30,25.46
5.000,-20.93,14.45,25.43
5.033,-20.85,14.55,25.42
5.067,-20.83,14.70,25.49
5.100,-20.75,14.91,25.55
5.133,-20.69,15.02,25.57
5.167,-20.59,15.30,25.65
5.200,-20.59,15.42,25.73
5.233,-20.45,15.64,25.75
5.267,-20.42,15.82,25.83
5.300,-20.40,15.97,25.91
5.333,-20.31,16.19,25.98
5.367,-20.21,16.30,25.97
5.400,-20.14,16.53,26.05
5.433,-20.02,16.77,26.12
5.467,-19.95,16.91,26.15
5.500,-19.81,17.26,26.28
5.533,-19.63,17.53,26.32
5.567,-19.62,17.65,26.39
5.600,-19.49,17.90,26.46
5.633,-19.39,18.09,26.52
5.667,-19.28,18.29,26.58
5.700,-19.22,18.61,26.75
5.733,-19.10,18.79,26.79
5.767,-19.07,19.07,26.97
5.800,-19.00,19.32,27.09
5.833,-18.92,19.63,27.26
5.867,-18.89,19.91,27.44
5.900,-18.88,20.18,27.63
5.933,-18.84,20.44,27.80
5.967,-18.84,20.60,27.92
6.000,-18.84,20.76,28.03
6.033,-18.92,20.95,28.23
6.067,-18.99,21.20,28.46
6.100,-19.03,21.45,28.67
6.133,-19.04,21.63,28.81
6.167,-19.07,21.88,29.02
6.200,-19.11,22.11,29.22
6.233,-19.23,22.29,29.44
6.267,-19.29,22.53,29.66
6.300,-19.39,22.65,29.82
6.333,-19.40,22.76,29.91
6.367,-19.43,23.03,30.13
6.400,-19.48,23.14,30.25
6.433,-19.47,23.14,30.24
6.467,-19.44,23.15,30.23
6.500,-19.44,23.15,30.23
6.533,-19.52,23.22,30.33
6.567,-19.59,23.40,30.52
6.600,-19.63,23.49,30.62
6.633,-19.70,23.58,30.72
6.667,-19.71,23.69,30.81
6.700,-19.69,23.79,30.88
6.733,-19.77,23.88,31.00
6.767,-19.81,23.92,31.06
6.800,-19.92,24.03,31.21
6.833,-19.97,24.08,31.28
6.867,-20.06,24.20,31.43
6.900,-20.09,24.33,31.55
6.933,-20.10,24.50,31.69
6.967,-20.14,24.66,31.84
7.000,-20.11,24.75,31.89
7.033,-20.15,24.85,31.99
7.067,-20.16,24.95,32.08
7.100,-20.16,25.12,32.21
7.133,-20.14,25.27,32.32
7.167,-20.09,25.47,32.44
7.200,-19.94,25.64,32.48
7.233,-19.88,25.80,32.57
7.267,-19.86,25.79,32.55
7.300,-19.80,25.80,32.52
7.333,-19.78,25.81,32.52
7.367,-19.77,25.84,32.54
7.400,-19.79,25.87,32.57
7.433,-19.80,25.89,32.59
7.467,-19.79,25.88,32.58
7.500,-19.71,25.88,32.53
7.533,-19.66,25.85,32.48
7.567,-19.64,25.82,32.44
7.600,-19.63,25.81,32.43
7.633,-19.61,25.81,32.41
7.667,-19.62,25.81,32.42
7.700,-19.62,25.80,32.41
7.733,-19.62,25.80,32.41
7.767,-19.62,25.79,32.41
7.800,-19.62,25.79,32.40
7.833,-19.62,25.79,32.40
7.867,-19.61,25.78,32.39
7.900,-19.61,25.78,32.40
7.933,-19.60,25.78,32.38
7.967,-19.61,25.79,32.40
8.000,-19.61,25.80,32.41
8.033,-19.62,25.81,32.41
8.067,-19.62,25.81,32.42
8.100,-19.62,25.81,32.42
8.133,-19.63,25.82,32.43
8.167,-19.63,25.82,32.43
8.200,-19.63,25.82,32.43
8.233,-19.63,25.82,32.43
8.267,-19.63,25.82,32.44
8.300,-19.63,25.83,32.44
8.333,-19.64,25.84,32.46
8.367,-19.65,25.84,32.46
8.400,-19.65,25.84,32.46
8.433,-19.66,25.84,32.47
8.467,-19.66,25.83,32.46
8.500,-19.67,25.85,32.48
8.533,-19.67,25.85,32.48
8.567,-19.67,25.85,32.48
8.600,-19.66,25.84,32.47
8.633,-19.65,25.84,32.47
8.667,-19.65,25.84,32.46
8.700,-19.65,25.85,32.47
8.733,-19.65,25.85,32.47
8.767,-19.65,25.86,32.48
8.800,-19.66,25.87,32.49
8.833,-19.67,25.87,32.50
8.867,-19.68,25.88,32.51
8.900,-19.67,25.87,32.49
8.933,-19.66,25.86,32.48
8.967,-19.66,25.86,32.48
9.000,-19.65,25.85,32.47
9.033,-19.64,25.85,32.46
9.067,-19.64,25.85,32.46
9.100,-19.63,25.84,32.44
9.133,-19.61,25.82,32.43
9.167,-19.61,25.82,32.42
9.200,-19.60,25.83,32.42
9.233,-19.59,25.82,32.41
9.267,-19.59,25.83,32.42
9.300,-19.59,25.83,32.42
9.333,-19.61,25.84,32.44
9.367,-19.61,25.85,32.45
9.400,-19.62,25.84,32.45
9.433,-19.64,25.86,32.47
9.467,-19.66,25.87,32.49
9.500,-19.67,25.89,32.51
9.533,-19.65,25.90,32.51
9.567,-19.67,25.94,32.56
9.600,-19.69,25.97,32.59
9.633,-19.68,25.98,32.59
9.667,-19.67,25.98,32.59
9.700,-19.67,25.99,32.59
9.733,-19.67,25.99,32.60
9.767,-19.66,25.99,32.59
9.800,-19.66,25.98,32.58
9.833,-19.66,25.98,32.58
9.867,-19.66,25.98,32.59
9.900,-19.68,25.99,32.59
9.933,-19.67,25.98,32.59
9.967,-19.66,25.99,32.59
10.000,-19.66,26.00,32.60
10.033,-19.67,26.01,32.61
10.067,-19.66,26.00,32.60
10.100,-19.67,26.02,32.62
10.133,-19.68,26.02,32.63
10.167,-19.67,26.01,32.61
10.200,-19.66,26.00,32.60
10.233,-19.65,26.01,32.60
10.267,-19.64,26.01,32.60
10.300,-19.64,26.01,32.59
10.333,-19.64,26.00,32.59
10.367,-19.63,26.00,32.58
10.400,-19.62,25.99,32.57
10.433,-19.60,25.99,32.56
10.467,-19.61,25.99,32.56
10.500,-19.62,25.99,32.56
10.533,-19.63,26.02,32.59
10.567,-19.63,26.02,32.60
10.600,-19.64,26.03,32.60
10.633,-19.62,26.03,32.60
10.667,-19.62,26.01,32.59
10.700,-19.62,26.02,32.58
10.733,-19.62,26.00,32.58
10.767,-19.63,26.00,32.57
10.800,-19.63,25.99,32.57
10.833,-19.63,25.99,32.57
10.867,-19.63,25.99,32.57
10.900,-19.65,25.97,32.57
10.933,-19.66,25.96,32.57
10.967,-19.66,25.96,32.56
11.000,-19.68,25.94,32.56
11.033,-19.69,25.94,32.57
11.067,-19.69,25.94,32.57
11.100,-19.69,25.95,32.57
11.133,-19.69,25.94,32.57
11.167,-19.70,25.95,32.58
11.200,-19.68,25.95,32.57
11.233,-19.68,25.95,32.57
11.267,-19.68,25.95,32.57
11.300,-19.68,25.95,32.57
11.333,-19.67,25.96,32.57
11.367,-19.68,25.95,32.57
11.400,-19.66,25.96,32.57
11.433,-19.66,25.96,32.57
11.467,-19.66,25.96,32.57
11.500,-19.67,25.96,32.57
11.533,-19.67,25.96,32.57
11.567,-19.66,25.96,32.57
11.600,-19.66,25.97,32.57
11.633,-19.66,25.97,32.57
11.667,-19.65,25.97,32.57
11.700,-19.64,25.98,32.57
11.733,-19.64,25.98,32.56
11.767,-19.63,25.98,32.56
11.800,-19.63,25.97,32.56
11.833,-19.62,25.98,32.56
11.867,-19.63,25.98,32.56
11.900,-19.62,25.98,32.56
11.933,-19.62,25.98,32.56
11.967,-19.62,25.98,32.56
12.000,-19.62,25.98,32.56
12.033,-19.62,25.98,32.55
12.067,-19.62,25.98,32.55
12.100,-19.62,25.98,32.56
12.133,-19.63,25.97,32.55
12.167,-19.63,25.97,32.55
12.200,-19.63,25.96,32.55
12.233,-19.63,25.97,32.55
12.267,-19.63,25.97,32.55
12.300,-19.63,25.97,32.55
12.333,-19.63,25.97,32.55
12.367,-19.64,25.97,32.56
12.400,-19.64,25.97,32.56
12.433,-19.64,25.97,32.56
12.467,-19.64,25.97,32.56
12.500,-19.64,25.97,32.56
12.533,-19.64,25.97,32.56
12.567,-19.64,25.97,32.56
12.600,-19.64,25.97,32.56
12.633,-19.64,25.97,32.57
12.667,-19.65,25.97,32.57
12.700,-19.65,25.97,32.57
12.733,-19.65,25.97,32.57
12.767,-19.65,25.97,32.57
12.800,-19.64,25.97,32.56
12.833,-19.64,25.97,32.56
12.867,-19.64,25.97,32.56
12.900,-19.64,25.97,32.56
12.933,-19.63,25.98,32.56
12.967,-19.63,25.98,32.56
13.000,-19.63,25.98,32.56
13.033,-19.63,25.97,32.56
13.067,-19.62,25.98,32.56
13.100,-19.62,25.99,32.56
13.133,-19.62,25.99,32.56
13.167,-19.63,25.98,32.56
13.200,-19.63,25.98,32.56
13.233,-19.63,25.98,32.56
13.267,-19.63,25.98,32.56
13.300,-19.64,25.97,32.56
13.333,-19.64,25.97,32.56
13.367,-19.64,25.97,32.56
13.400,-19.64,25.97,32.56
13.433,-19.64,25.97,32.56
13.467,-19.64,25.97,32.56
13.500,-19.64,25.97,32.56
13.533,-19.64,25.97,32.56
13.567,-19.64,25.97,32.56
13.600,-19.63,25.97,32.55
13.633,-19.63,25.97,32.55
13.667,-19.63,25.97,32.55
13.700,-19.63,25.97,32.55
13.733,-19.63,25.97,32.55
13.767,-19.63,25.97,32.56
13.800,-19.63,25.97,32.56
13.833,-19.63,25.97,32.56
13.867,-19.64,25.98,32.56
13.900,-19.64,25.98,32.56
13.933,-19.64,25.98,32.56
13.967,-19.65,25.98,32.57
14.000,-19.65,25.97,32.57
14.033,-19.67,25.97,32.58
14.067,-19.66,25.97,32.57
14.100,-19.66,25.96,32.57
14.133,-19.67,25.96,32.57
14.167,-19.68,25.94,32.56
14.200,-19.67,25.95,32.56
14.233,-19.67,25.95,32.56
14.267,-19.68,25.94,32.56
14.300,-19.68,25.94,32.56
14.333,-19.68,25.93,32.56
14.367,-19.67,25.94,32.55
14.400,-19.66,25.94,32.55
14.433,-19.67,25.94,32.55
14.467,-19.66,25.95,32.55
14.500,-19.66,25.96,32.56
14.533,-19.66,25.96,32.57
14.567,-19.65,25.97,32.56
14.600,-19.65,25.97,32.56
14.633,-19.64,25.97,32.56
14.667,-19.64,25.97,32.56
14.700,-19.64,25.97,32.56
14.733,-19.64,25.97,32.56
14.767,-19.64,25.97,32.56
14.800,-19.63,25.98,32.56
14.833,-19.62,25.98,32.56
14.867,-19.62,25.99,32.56
14.900,-19.62,25.98,32.56
14.933,-19.61,25.98,32.55
14.967,-19.62,25.98,32.56
15.000,-19.63,25.98,32.56
15.033,-19.63,25.98,32.56
15.067,-19.62,26.00,32.57
15.100,-19.62,26.01,32.58
15.133,-19.62,26.01,32.58
15.167,-19.62,26.00,32.57
15.200,-19.62,25.99,32.57
15.233,-19.63,25.98,32.56
15.267,-19.63,25.98,32.56
15.300,-19.63,25.98,32.56
15.333,-19.63,25.98,32.56
15.367,-19.63,25.97,32.56
15.400,-19.63,25.97,32.56
15.433,-19.64,25.97,32.56
15.467,-19.64,25.97,32.56
15.500,-19.64,25.97,32.56
15.533,-19.64,25.97,32.56
15.567,-19.64,25.97,32.56
15.600,-19.64,25.97,32.56
15.633,-19.64,25.97,32.56
15.667,-19.64,25.97,32.56
15.700,-19.63,25.97,32.56
15.733,-19.63,25.97,32.56
15.767,-19.63,25.98,32.56
15.800,-19.63,25.98,32.56
15.833,-19.63,25.97,32.56
15.867,-19.63,25.98,32.56
15.900,-19.63,25.98,32.56
15.933,-19.63,25.98,32.56
15.967,-19.63,25.98,32.56
16.000,-19.63,25.98,32.56
16.033,-19.63,25.97,32.56
16.067,-19.63,25.97,32.56
16.100,-19.64,25.97,32.56
16.133,-19.64,25.97,32.56
16.167,-19.64,25.97,32.56
16.200,-19.64,25.97,32.56
16.233,-19.64,25.97,32.56
16.267,-19.64,25.97,32.56
16.300,-19.63,25.97,32.56
16.333,-19.63,25.97,32.55
16.367,-19.63,25.98,32.56
16.400,-19.63,25.99,32.57
16.433,-19.63,25.98,32.57
16.467,-19.64,25.98,32.57
16.500,-19.64,25.98,32.57
16.533,-19.64,25.98,32.57
16.567,-19.64,25.98,32.57
16.600,-19.64,25.98,32.57
16.633,-19.64,25.98,32.57
16.667,-19.64,25.98,32.56
16.700,-19.65,25.98,32.57
16.733,-19.65,25.98,32.57
16.767,-19.66,25.98,32.58
16.800,-19.66,25.98,32.58
16.833,-19.66,25.98,32.58
16.867,-19.66,25.98,32.58
16.900,-19.65,25.98,32.58
16.933,-19.65,25.98,32.57
16.967,-19.65,25.98,32.57
17.000,-19.65,25.97,32.57
17.033,-19.65,25.97,32.57
17.067,-19.65,25.96,32.56
17.100,-19.65,25.96,32.56
17.133,-19.66,25.94,32.55
17.167,-19.65,25.95,32.55
17.200,-19.65,25.95,32.55
17.233,-19.65,25.96,32.56
17.267,-19.65,25.96,32.56
17.300,-19.64,25.96,32.56
17.333,-19.65,25.96,32.56
17.367,-19.65,25.96,32.56
17.400,-19.65,25.96,32.56
17.433,-19.65,25.96,32.56
17.467,-19.65,25.96,32.56
17.500,-19.65,25.96,32.56
17.533,-19.64,25.97,32.56
17.567,-19.64,25.97,32.56
17.600,-19.63,25.97,32.56
17.633,-19.63,25.97,32.56
17.667,-19.63,25.97,32.56
17.700,-19.63,25.97,32.56
17.733,-19.62,25.98,32.56
17.767,-19.62,25.98,32.56
17.800,-19.62,25.98,32.56
17.833,-19.61,25.98,32.55
17.867,-19.62,25.99,32.56
17.900,-19.62,25.99,32.56
17.933,-19.62,26.00,32.57
17.967,-19.62,25.99,32.57
18.000,-19.63,25.99,32.57
18.033,-19.63,25.98,32.56
18.067,-19.63,25.98,32.56
18.100,-19.63,25.98,32.56
18.133,-19.64,25.98,32.56
18.167,-19.64,25.97,32.56
18.200,-19.65,25.97,32.56
18.233,-19.65,25.96,32.56
18.267,-19.66,25.96,32.56
18.300,-19.65,25.96,32.56
18.333,-19.65,25.96,32.56
18.367,-19.64,25.97,32.56
18.400,-19.64,25.97,32.56
18.433,-19.64,25.97,32.56
18.467,-19.65,25.97,32.56
18.500,-19.64,25.97,32.56
18.533,-19.64,25.97,32.56
18.567,-19.64,25.97,32.56
18.600,-19.64,25.97,32.56
18.633,-19.64,25.97,32.56
18.667,-19.64,25.97,32.56
18.700,-19.64,25.97,32.56
18.733,-19.64,25.96,32.55
18.767,-19.64,25.96,32.55
18.800,-19.63,25.97,32.56
18.833,-19.63,25.98,32.56
18.867,-19.63,25.98,32.56
18.900,-19.62,25.98,32.56
18.933,-19.63,25.98,32.56
18.967,-19.63,25.98,32.56
19.000,-19.63,25.98,32.56
19.033,-19.63,25.98,32.57
19.067,-19.63,25.99,32.57
19.100,-19.63,26.00,32.58
19.133,-19.62,26.00,32.58
19.167,-19.62,26.01,32.58
19.200,-19.63,26.01,32.59
19.233,-19.63,26.01,32.59
19.267,-19.64,26.01,32.59
19.300,-19.64,26.01,32.59
19.333,-19.65,26.03,32.61
19.367,-19.65,26.02,32.61
19.400,-19.65,26.03,32.62
19.433,-19.65,26.02,32.61
19.467,-19.65,26.02,32.60
19.500,-19.65,26.02,32.60
19.533,-19.64,26.02,32.60
19.567,-19.64,26.01,32.60
19.600,-19.64,26.01,32.60
19.633,-19.64,26.01,32.60
19.667,-19.64,26.01,32.60
19.700,-19.64,26.01,32.60
19.733,-19.64,26.01,32.59
19.767,-19.64,26.01,32.59
19.800,-19.64,26.01,32.59
19.833,-19.64,26.01,32.59
19.867,-19.64,26.01,32.59
19.900,-19.64,26.00,32.59
19.933,-19.64,26.00,32.59
19.967,-19.64,26.00,32.59
20.000,-19.64,26.00,32.59
20.033,-19.64,26.00,32.59
20.067,-19.64,26.01,32.59
20.100,-19.64,26.01,32.59
20.133,-19.64,26.01,32.59
20.167,-19.64,26.01,32.59
20.200,-19.64,26.01,32.59
20.233,-19.64,26.01,32.59
20.267,-19.64,26.00,32.58
20.300,-19.64,26.00,32.59
20.333,-19.64,26.00,32.59
20.367,-19.64,26.01,32.59
20.400,-19.64,26.01,32.59
20.433,-19.64,26.01,32.59
20.467,-19.64,26.01,32.59
20.500,-19.64,26.01,32.59
20.533,-19.63,26.01,32.59
20.567,-19.63,26.01,32.58
20.600,-19.62,26.01,32.58
20.633,-19.62,26.01,32.58
20.667,-19.63,26.00,32.58
20.700,-19.63,26.00,32.58
20.733,-19.64,26.00,32.58
20.767,-19.64,25.99,32.58
20.800,-19.65,25.99,32.58
20.833,-19.65,25.99,32.58
20.867,-19.66,25.99,32.59
20.900,-19.65,25.99,32.59
20.933,-19.65,26.00,32.59
20.967,-19.65,26.00,32.59
21.000,-19.65,26.00,32.59
21.033,-19.65,26.00,32.59
21.067,-19.66,26.00,32.59
21.100,-19.65,26.00,32.59
21.133,-19.65,26.00,32.59
21.167,-19.65,26.00,32.59
21.200,-19.65,26.00,32.59
21.233,-19.66,25.99,32.59
21.267,-19.66,26.00,32.59
21.300,-19.65,26.00,32.59
21.333,-19.65,25.99,32.59
21.367,-19.65,26.00,32.59
21.400,-19.65,25.99,32.58
21.433,-19.65,25.99,32.58
21.467,-19.65,26.00,32.59
21.500,-19.65,26.00,32.59
21.533,-19.65,26.00,32.59
21.567,-19.65,26.00,32.59
21.600,-19.65,25.99,32.58
21.633,-19.66,25.98,32.58
21.667,-19.65,25.98,32.58
21.700,-19.65,25.99,32.58
21.733,-19.65,25.99,32.58
21.767,-19.65,25.99,32.58
21.800,-19.65,25.99,32.58
21.833,-19.65,25.99,32.58
21.867,-19.65,25.99,32.58
21.900,-19.65,25.99,32.58
21.933,-19.65,25.99,32.58
21.967,-19.65,25.99,32.58
22.000,-19.65,25.99,32.58
22.033,-19.65,25.99,32.58
22.067,-19.65,25.99,32.59
22.100,-19.65,25.99,32.59
22.133,-19.65,25.99,32.59
22.167,-19.66,25.99,32.59
22.200,-19.66,25.99,32.59
22.233,-19.65,25.99,32.59
22.267,-19.65,25.99,32.58
22.300,-19.65,25.99,32.59
22.333,-19.65,25.99,32.59
22.367,-19.66,25.99,32.59
22.400,-19.65,25.99,32.58
22.433,-19.65,25.99,32.58
22.467,-19.65,25.99,32.58
22.500,-19.65,25.99,32.58
22.533,-19.65,25.99,32.58
22.567,-19.65,25.99,32.59
22.600,-19.65,25.99,32.59
22.633,-19.65,25.99,32.59
22.667,-19.65,25.99,32.58
22.700,-19.65,25.99,32.58
22.733,-19.65,25.99,32.58
22.767,-19.65,25.99,32.58
22.800,-19.65,25.99,32.58
22.833,-19.65,25.99,32.58
22.867,-19.65,25.99,32.58
22.900,-19.65,25.99,32.58
22.933,-19.64,25.99,32.58
22.967,-19.64,25.99,32.58
23.000,-19.64,25.99,32.58
23.033,-19.64,25.99,32.58
23.067,-19.63,25.99,32.58
23.100,-19.63,25.99,32.57
23.133,-19.63,25.99,32.57
23.167,-19.62,25.99,32.57
23.200,-19.63,25.99,32.57
23.233,-19.63,25.99,32.57
23.267,-19.63,25.99,32.57
23.300,-19.64,25.99,32.58
23.333,-19.64,25.99,32.58
23.367,-19.64,25.99,32.58
23.400,-19.64,25.99,32.58
23.433,-19.64,25.99,32.58
23.467,-19.63,25.99,32.57
23.500,-19.63,25.99,32.57
23.533,-19.63,25.99,32.57
23.567,-19.64,25.99,32.57
23.600,-19.64,25.99,32.57
23.633,-19.64,25.99,32.57
23.667,-19.64,25.98,32.57
23.700,-19.64,25.98,32.57
23.733,-19.63,25.99,32.57
23.767,-19.63,25.98,32.57
23.800,-19.64,25.98,32.57
23.833,-19.64,25.98,32.57
23.867,-19.64,25.99,32.58
23.900,-19.65,26.00,32.59
23.933,-19.65,26.01,32.60
23.967,-19.65,26.01,32.60
24.000,-19.65,26.01,32.60
24.033,-19.65,26.01,32.60
24.067,-19.65,26.00,32.59
24.100,-19.65,25.99,32.58
24.133,-19.65,25.99,32.58
24.167,-19.64,26.01,32.59
24.200,-19.64,26.01,32.59
24.233,-19.64,26.01,32.59
24.267,-19.64,26.01,32.59
24.300,-19.64,26.01,32.59
24.333,-19.64,26.01,32.59
24.367,-19.64,26.01,32.59
24.400,-19.62,26.03,32.60
24.433,-19.60,26.05,32.60
24.467,-19.61,26.06,32.62
24.500,-19.60,26.11,32.65
24.533,-19.59,26.13,32.66
24.567,-19.58,26.14,32.66
24.600,-19.58,26.14,32.66
24.633,-19.58,26.14,32.66
24.667,-19.58,26.15,32.67
24.700,-19.58,26.16,32.68
24.733,-19.57,26.19,32.69
24.767,-19.59,26.17,32.69
24.800,-19.60,26.18,32.70
24.833,-19.60,26.18,32.71
24.867,-19.60,26.21,32.72
24.900,-19.61,26.18,32.72
24.933,-19.62,26.17,32.71
24.967,-19.63,26.16,32.71
25.000,-19.61,26.17,32.70
25.033,-19.60,26.18,32.71
25.067,-19.60,26.19,32.71
25.100,-19.61,26.18,32.71
25.133,-19.62,26.17,32.71
25.167,-19.63,26.20,32.74
25.200,-19.64,26.20,32.74
25.233,-19.62,26.22,32.75
25.267,-19.64,26.27,32.80
25.300,-19.65,26.31,32.84
25.333,-19.66,26.31,32.84
25.367,-19.68,26.33,32.87
25.400,-19.67,26.33,32.87
25.433,-19.66,26.32,32.86
25.467,-19.65,26.33,32.85
25.500,-19.64,26.33,32.85
25.533,-19.64,26.33,32.84
25.567,-19.64,26.33,32.85
25.600,-19.64,26.34,32.86
25.633,-19.64,26.34,32.86
25.667,-19.64,26.33,32.85
25.700,-19.64,26.33,32.85
25.733,-19.64,26.33,32.85
25.767,-19.64,26.34,32.85
25.800,-19.64,26.34,32.86
25.833,-19.64,26.35,32.86
25.867,-19.64,26.35,32.87
25.900,-19.64,26.36,32.88
25.933,-19.64,26.35,32.87
25.967,-19.64,26.36,32.88
26.000,-19.64,26.35,32.87
26.033,-19.65,26.36,32.88
26.067,-19.65,26.36,32.88
26.100,-19.64,26.37,32.88
26.133,-19.66,26.38,32.90
26.167,-19.65,26.43,32.93
26.200,-19.64,26.45,32.95
26.233,-19.64,26.49,32.97
26.267,-19.63,26.51,32.99
26.300,-19.63,26.51,32.99
26.333,-19.64,26.55,33.03
26.367,-19.62,26.62,33.07
26.400,-19.60,26.67,33.10
26.433,-19.60,26.70,33.12
26.467,-19.59,26.78,33.18
26.500,-19.59,26.81,33.20
26.533,-19.55,26.90,33.25
26.567,-19.50,26.94,33.26
26.600,-19.47,26.96,33.25
26.633,-19.42,26.95,33.22
26.667,-19.32,27.02,33.21
26.700,-19.24,27.05,33.20
26.733,-19.20,27.12,33.23
26.767,-19.12,27.13,33.19
26.800,-19.02,27.19,33.18
26.833,-18.96,27.22,33.17
26.867,-18.93,27.23,33.16
26.900,-18.91,27.26,33.18
26.933,-18.84,27.25,33.13
26.967,-18.81,27.25,33.11
27.000,-18.77,27.24,33.08
27.033,-18.73,27.26,33.07
27.067,-18.65,27.24,33.02
27.100,-18.58,27.25,32.98
27.133,-18.56,27.22,32.94
27.167,-18.52,27.22,32.92
27.200,-18.52,27.23,32.94
27.233,-18.50,27.22,32.92
27.267,-18.51,27.24,32.93
27.300,-18.51,27.24,32.93
27.333,-18.51,27.24,32.93
27.367,-18.51,27.24,32.93
27.400,-18.50,27.24,32.93
27.433,-18.50,27.24,32.93
27.467,-18.50,27.25,32.93
27.500,-18.51,27.25,32.94
27.533,-18.51,27.25,32.94
27.567,-18.51,27.25,32.94
27.600,-18.51,27.25,32.95
27.633,-18.51,27.26,32.95
27.667,-18.51,27.26,32.95
27.700,-18.51,27.25,32.94
27.733,-18.51,27.25,32.94
27.767,-18.51,27.25,32.94
27.800,-18.51,27.25,32.94
27.833,-18.50,27.25,32.94
27.867,-18.50,27.25,32.94
27.900,-18.49,27.26,32.94
27.933,-18.49,27.26,32.94
27.967,-18.49,27.25,32.93
28.000,-18.48,27.25,32.93
28.033,-18.48,27.25,32.92
28.067,-18.48,27.24,32.92
28.100,-18.46,27.24,32.90
28.133,-18.45,27.21,32.88
28.167,-18.39,27.21,32.84
28.200,-18.36,27.21,32.82
28.233,-18.36,27.22,32.83
28.267,-18.26,27.14,32.71
28.300,-18.25,27.08,32.66
28.333,-18.22,27.06,32.62
28.367,-18.20,27.06,32.61
28.400,-18.19,27.05,32.60
28.433,-18.18,27.05,32.59
28.467,-18.17,27.04,32.58
28.500,-18.07,26.98,32.47
28.533,-18.06,26.94,32.43
28.567,-18.04,26.91,32.40
28.600,-18.04,26.90,32.38
28.633,-18.04,26.90,32.39
28.667,-18.02,26.89,32.37
28.700,-17.92,26.80,32.23
28.733,-17.90,26.75,32.19
28.767,-17.88,26.74,32.17
28.800,-17.88,26.73,32.16
28.833,-17.86,26.72,32.14
28.867,-17.77,26.65,32.03
28.900,-17.74,26.62,31.99
28.933,-17.73,26.59,31.96
28.967,-17.68,26.61,31.95
29.000,-17.65,26.56,31.89
29.033,-17.59,26.58,31.87
29.067,-17.55,26.59,31.86
29.100,-17.51,26.59,31.84
29.133,-17.49,26.56,31.80
29.167,-17.44,26.56,31.77
29.200,-17.40,26.56,31.75
29.233,-17.24,26.51,31.63
29.267,-17.21,26.49,31.59
29.300,-17.17,26.45,31.54
29.333,-17.10,26.45,31.50
29.367,-17.06,26.45,31.47
29.400,-17.02,26.42,31.43
29.433,-16.98,26.42,31.40
29.467,-16.96,26.41,31.39
29.500,-16.94,26.42,31.38
29.533,-16.93,26.42,31.38
29.567,-16.93,26.43,31.38
29.600,-16.92,26.43,31.38
29.633,-16.92,26.43,31.39
29.667,-16.92,26.43,31.39
29.700,-16.92,26.44,31.39
29.733,-16.92,26.44,31.39
29.767,-16.93,26.46,31.41
29.800,-16.93,26.47,31.42
29.833,-16.92,26.46,31.41
29.867,-16.91,26.46,31.41
29.900,-16.91,26.46,31.41
29.933,-16.92,26.46,31.41
29.967,-16.91,26.46,31.40
30.000,-16.91,26.46,31.40
