0.000,-21.38,14.81,26.01
0.033,-21.37,14.81,26.00
0.067,-21.34,14.81,25.98
0.100,-21.35,14.83,26.00
0.133,-21.35,14.86,26.01
0.167,-21.32,14.82,25.97
0.200,-21.34,14.84,25.99
0.233,-21.33,14.83,25.98
0.267,-21.32,14.83,25.97
0.300,-21.33,14.84,25.98
0.333,-21.30,14.86,25.97
0.367,-21.30,14.82,25.95
0.400,-21.28,14.84,25.94
0.433,-21.22,14.89,25.92
0.467,-21.22,14.95,25.96
0.500,-21.19,14.93,25.92
0.533,-21.20,14.99,25.96
0.567,-21.16,14.98,25.92
0.600,-21.16,15.00,25.94
0.633,-21.13,15.03,25.93
0.667,-21.06,15.01,25.87
0.700,-21.02,15.05,25.85
0.733,-20.91,15.06,25.77
0.767,-20.94,15.16,25.85
0.800,-20.88,15.13,25.79
0.833,-20.86,15.15,25.78
0.867,-20.79,15.23,25.77
0.900,-20.79,15.20,25.75
0.933,-20.74,15.25,25.74
0.967,-20.70,15.25,25.72
1.000,-20.68,15.25,25.69
1.033,-20.68,15.28,25.71
1.067,-20.64,15.29,25.68
1.100,-20.65,15.33,25.72
1.133,-20.59,15.32,25.67
1.167,-20.57,15.32,25.65
1.200,-20.55,15.32,25.63
1.233,-20.49,15.31,25.58
1.267,-20.43,15.37,25.57
1.300,-20.40,15.37,25.54
1.333,-20.46,15.36,25.59
1.367,-20.44,15.36,25.57
1.400,-20.44,15.34,25.55
1.433,-20.43,15.34,25.55
1.467,-20.43,15.33,25.54
1.500,-20.44,15.33,25.55
1.533,-20.45,15.34,25.56
1.567,-20.42,15.31,25.52
1.600,-20.47,15.36,25.59
1.633,-20.46,15.35,25.58
1.667,-20.47,15.35,25.58
1.700,-20.47,15.35,25.59
1.733,-20.46,15.34,25.57
1.767,-20.38,15.38,25.53
1.800,-20.39,15.40,25.55
1.833,-20.41,15.44,25.59
1.867,-20.43,15.47,25.63
1.900,-20.44,15.49,25.64
1.933,-20.45,15.52,25.67
1.967,-20.43,15.50,25.64
2.000,-20.38,15.56,25.64
2.033,-20.41,15.60,25.69
2.067,-20.43,15.62,25.72
2.100,-20.44,15.66,25.75
2.133,-20.46,15.67,25.77
2.167,-20.40,15.69,25.74
2.200,-20.43,15.75,25.79
2.233,-20.45,15.79,25.83
2.267,-20.46,15.82,25.86
2.300,-20.43,15.85,25.86
2.333,-20.46,15.93,25.93
2.367,-20.46,15.97,25.96
2.400,-20.44,16.02,25.97
2.433,-20.45,16.09,26.02
2.467,-20.46,16.17,26.08
2.500,-20.45,16.24,26.11
2.533,-20.47,16.30,26.17
2.567,-20.49,16.36,26.22
2.600,-20.50,16.41,26.26
2.633,-20.50,16.45,26.29
2.667,-20.49,16.46,26.28
2.700,-20.49,16.47,26.29
2.733,-20.49,16.47,26.29
2.767,-20.49,16.52,26.32
2.800,-20.49,16.54,26.33
2.833,-20.49,16.55,26.34
2.867,-20.48,16.55,26.34
2.900,-20.47,16.56,26.33
2.933,-20.47,16.56,26.33
2.967,-20.47,16.56,26.33
3.000,-20.46,16.56,26.32
3.033,-20.46,16.56,26.32
3.067,-20.46,16.56,26.32
3.100,-20.47,16.54,26.32
3.133,-20.47,16.54,26.32
3.167,-20.48,16.53,26.32
3.200,-20.47,16.54,26.32
3.233,-20.47,16.54,26.31
3.267,-20.52,16.53,26.35
3.300,-20.60,16.49,26.39
3.333,-20.60,16.50,26.39
3.367,-20.60,16.51,26.40
3.400,-20.59,16.52,26.40
3.433,-20.59,16.52,26.40
3.467,-20.60,16.52,26.41
3.500,-20.61,16.53,26.42
3.533,-20.62,16.53,26.42
3.567,-20.62,16.53,26.43
3.600,-20.62,16.53,26.42
3.633,-20.61,16.53,26.42
3.667,-20.61,16.53,26.42
3.700,-20.61,16.54,26.42
3.733,-20.61,16.52,26.42
3.767,-20.62,16.51,26.41
3.800,-20.62,16.51,26.41
3.833,-20.62,16.50,26.41
3.867,-20.62,16.51,26.41
3.900,-20.66,16.47,26.43
3.933,-20.63,16.45,26.39
3.967,-20.71,16.47,26.46
4.000,-20.76,16.48,26.51
4.033,-20.80,16.48,26.53
4.067,-20.84,16.52,26.59
4.100,-20.90,16.51,26.64
4.133,-20.94,16.51,26.67
4.167,-20.98,16.50,26.69
4.200,-21.03,16.52,26.74
4.233,-21.08,16.52,26.78
4.267,-21.12,16.53,26.82
4.300,-21.16,16.57,26.88
4.333,-21.22,16.55,26.91
4.367,-21.22,16.55,26.91
4.400,-21.27,16.55,26.96
4.433,-21.33,16.59,27.02
4.467,-21.41,16.56,27.07
4.500,-21.47,16.58,27.12
4.533,-21.53,16.56,27.16
4.567,-21.59,16.55,27.20
4.600,-21.59,16.55,27.21
4.633,-21.66,16.56,27.26
4.667,-21.75,16.55,27.33
4.700,-21.73,16.57,27.33
4.733,-21.79,16.59,27.38
4.767,-21.84,16.58,27.42
4.800,-21.88,16.58,27.45
4.833,-21.91,16.57,27.47
4.867,-21.92,16.58,27.48
4.900,-21.93,16.58,27.49
4.933,-21.95,16.60,27.52
4.967,-22.01,16.59,27.57
5.000,-22.07,16.60,27.61
5.033,-22.08,16.59,27.62
5.067,-22.12,16.61,27.67
5.100,-22.16,16.60,27.69
5.133,-22.20,16.59,27.72
5.167,-22.21,16.59,27.72
5.200,-22.21,16.59,27.72
5.233,-22.21,16.59,27.72
5.267,-22.21,16.58,27.71
5.300,-22.23,16.57,27.73
5.333,-22.20,16.58,27.71
5.367,-22.19,16.58,27.70
5.400,-22.19,16.57,27.69
5.433,-22.22,16.53,27.69
5.467,-22.20,16.54,27.69
5.500,-22.20,16.55,27.69
5.533,-22.20,16.55,27.69
5.567,-22.20,16.55,27.69
5.600,-22.22,16.54,27.70
5.633,-22.22,16.55,27.70
5.667,-22.22,16.55,27.71
5.700,-22.23,16.55,27.71
5.733,-22.24,16.55,27.72
5.767,-22.26,16.57,27.75
5.800,-22.30,16.56,27.78
5.833,-22.33,16.56,27.80
5.867,-22.35,16.55,27.81
5.900,-22.37,16.55,27.83
5.933,-22.39,16.54,27.84
5.967,-22.40,16.54,27.84
6.000,-22.42,16.54,27.87
6.033,-22.45,16.55,27.89
6.067,-22.47,16.55,27.90
6.100,-22.48,16.55,27.91
6.133,-22.49,16.55,27.93
6.167,-22.50,16.56,27.93
6.200,-22.51,16.56,27.94
6.233,-22.51,16.56,27.94
6.267,-22.50,16.57,27.94
6.300,-22.50,16.57,27.94
6.333,-22.50,16.57,27.94
6.367,-22.50,16.58,27.94
6.400,-22.47,16.57,27.92
6.433,-22.48,16.57,27.93
6.467,-22.49,16.57,27.93
6.500,-22.49,16.56,27.93
6.533,-22.49,16.56,27.93
6.567,-22.50,16.56,27.94
6.600,-22.50,16.56,27.94
6.633,-22.50,16.56,27.94
6.667,-22.51,16.57,27.95
6.700,-22.52,16.57,27.96
6.733,-22.51,16.57,27.95
6.767,-22.51,16.57,27.95
6.800,-22.50,16.57,27.94
6.833,-22.50,16.56,27.94
6.867,-22.49,16.56,27.93
6.900,-22.49,16.56,27.93
6.933,-22.48,16.57,27.93
6.967,-22.48,16.58,27.93
7.000,-22.49,16.58,27.94
7.033,-22.49,16.57,27.94
7.067,-22.49,16.57,27.93
7.100,-22.49,16.56,27.93
7.133,-22.49,16.56,27.93
7.167,-22.50,16.56,27.93
7.200,-22.50,16.55,27.93
7.233,-22.50,16.54,27.93
7.267,-22.50,16.54,27.93
7.300,-22.51,16.53,27.93
7.333,-22.50,16.55,27.94
7.367,-22.50,16.57,27.94
7.400,-22.50,16.57,27.94
7.433,-22.50,16.57,27.94
7.467,-22.50,16.56,27.94
7.500,-22.50,16.56,27.94
7.533,-22.50,16.56,27.94
7.567,-22.50,16.56,27.94
7.600,-22.50,16.57,27.94
7.633,-22.50,16.57,27.94
7.667,-22.50,16.58,27.95
7.700,-22.50,16.57,27.94
7.733,-22.50,16.58,27.95
7.767,-22.50,16.59,27.95
7.800,-22.50,16.58,27.95
7.833,-22.50,16.57,27.95
7.867,-22.50,16.57,27.95
7.900,-22.50,16.57,27.94
7.933,-22.50,16.57,27.94
7.967,-22.50,16.56,27.94
8.000,-22.50,16.56,27.94
8.033,-22.51,16.56,27.95
8.067,-22.51,16.56,27.95
8.100,-22.51,16.56,27.95
8.133,-22.51,16.56,27.95
8.167,-22.51,16.57,27.95
8.200,-22.51,16.57,27.95
8.233,-22.51,16.57,27.95
8.267,-22.51,16.57,27.95
8.300,-22.51,16.56,27.95
8.333,-22.51,16.58,27.96
8.367,-22.51,16.57,27.95
8.400,-22.51,16.57,27.95
8.433,-22.51,16.57,27.95
8.467,-22.51,16.56,27.95
8.500,-22.51,16.56,27.94
8.533,-22.51,16.55,27.94
8.567,-22.52,16.54,27.94
8.600,-22.52,16.54,27.94
8.633,-22.52,16.53,27.94
8.667,-22.52,16.54,27.94
8.700,-22.52,16.54,27.94
8.733,-22.52,16.54,27.94
8.767,-22.53,16.54,27.95
8.800,-22.53,16.54,27.95
8.833,-22.53,16.54,27.95
8.867,-22.53,16.54,27.95
8.900,-22.54,16.54,27.96
8.933,-22.56,16.54,27.97
8.967,-22.55,16.54,27.97
9.000,-22.54,16.55,27.96
9.033,-22.53,16.54,27.95
9.067,-22.52,16.54,27.94
9.100,-22.52,16.54,27.94
9.133,-22.52,16.55,27.94
9.167,-22.52,16.54,27.94
9.200,-22.53,16.54,27.95
9.233,-22.53,16.53,27.95
9.267,-22.53,16.54,27.95
9.300,-22.53,16.54,27.94
9.333,-22.52,16.54,27.94
9.367,-22.52,16.54,27.94
9.400,-22.52,16.54,27.94
9.433,-22.52,16.54,27.94
9.467,-22.52,16.54,27.94
9.500,-22.52,16.54,27.95
9.533,-22.52,16.55,27.95
9.567,-22.52,16.54,27.95
9.600,-22.52,16.54,27.95
9.633,-22.52,16.55,27.95
9.667,-22.52,16.55,27.95
9.700,-22.52,16.55,27.95
9.733,-22.52,16.55,27.95
9.767,-22.52,16.55,27.95
9.800,-22.52,16.55,27.95
9.833,-22.52,16.55,27.95
9.867,-22.52,16.55,27.95
9.900,-22.52,16.55,27.95
9.933,-22.52,16.55,27.95
9.967,-22.53,16.54,27.95
10.000,-22.53,16.54,27.95
10.033,-22.53,16.54,27.95
10.067,-22.53,16.54,27.95
10.100,-22.53,16.54,27.95
10.133,-22.53,16.54,27.95
10.167,-22.53,16.54,27.95
10.200,-22.53,16.54,27.96
10.233,-22.53,16.54,27.95
10.267,-22.53,16.54,27.95
10.300,-22.53,16.54,27.95
10.333,-22.53,16.54,27.95
10.367,-22.52,16.54,27.95
10.400,-22.52,16.54,27.94
10.433,-22.52,16.54,27.94
10.467,-22.52,16.54,27.94
10.500,-22.51,16.54,27.94
10.533,-22.52,16.54,27.94
10.567,-22.52,16.54,27.95
10.600,-22.53,16.54,27.95
10.633,-22.53,16.55,27.95
10.667,-22.52,16.55,27.95
10.700,-22.52,16.55,27.95
10.733,-22.52,16.55,27.95
10.767,-22.52,16.55,27.95
10.800,-22.53,16.55,27.95
10.833,-22.53,16.55,27.95
10.867,-22.53,16.55,27.95
10.900,-22.52,16.55,27.95
10.933,-22.52,16.55,27.95
10.967,-22.52,16.55,27.95
11.000,-22.52,16.55,27.95
11.033,-22.52,16.55,27.95
11.067,-22.52,16.55,27.95
11.100,-22.52,16.55,27.95
11.133,-22.52,16.55,27.95
11.167,-22.52,16.54,27.94
11.200,-22.52,16.54,27.94
11.233,-22.52,16.54,27.94
11.267,-22.53,16.53,27.94
11.300,-22.53,16.54,27.94
11.333,-22.52,16.54,27.95
11.367,-22.52,16.54,27.95
11.400,-22.52,16.54,27.95
11.433,-22.52,16.54,27.94
11.467,-22.52,16.55,27.94
11.500,-22.52,16.55,27.94
11.533,-22.52,16.55,27.94
11.567,-22.52,16.55,27.94
11.600,-22.52,16.55,27.94
11.633,-22.52,16.55,27.94
11.667,-22.52,16.55,27.94
11.700,-22.52,16.54,27.95
11.733,-22.53,16.54,27.95
11.767,-22.53,16.54,27.95
11.800,-22.52,16.54,27.95
11.833,-22.53,16.54,27.95
11.867,-22.52,16.54,27.95
11.900,-22.52,16.55,27.95
11.933,-22.52,16.54,27.95
11.967,-22.52,16.54,27.95
12.000,-22.52,16.54,27.95
12.033,-22.52,16.54,27.95
12.067,-22.52,16.54,27.95
12.100,-22.54,16.54,27.96
12.133,-22.53,16.54,27.95
12.167,-22.53,16.54,27.95
12.200,-22.53,16.54,27.95
12.233,-22.53,16.55,27.95
12.267,-22.52,16.55,27.95
12.300,-22.52,16.55,27.95
12.333,-22.52,16.55,27.95
12.367,-22.52,16.56,27.95
12.400,-22.52,16.56,27.95
12.433,-22.52,16.56,27.95
12.467,-22.52,16.56,27.95
12.500,-22.51,16.56,27.95
12.533,-22.51,16.56,27.95
12.567,-22.51,16.56,27.95
12.600,-22.51,16.56,27.94
12.633,-22.51,16.57,27.95
12.667,-22.52,16.57,27.96
12.700,-22.51,16.57,27.95
12.733,-22.51,16.57,27.95
12.767,-22.52,16.57,27.95
12.800,-22.51,16.57,27.95
12.833,-22.51,16.57,27.95
12.867,-22.51,16.57,27.95
12.900,-22.51,16.57,27.95
12.933,-22.51,16.57,27.95
12.967,-22.51,16.57,27.95
13.000,-22.51,16.56,27.95
13.033,-22.51,16.56,27.95
13.067,-22.51,16.56,27.95
13.100,-22.51,16.56,27.95
13.133,-22.51,16.56,27.95
13.167,-22.51,16.56,27.95
13.200,-22.51,16.56,27.95
13.233,-22.51,16.56,27.95
13.267,-22.51,16.56,27.95
13.300,-22.51,16.56,27.95
13.333,-22.51,16.56,27.95
13.367,-22.51,16.56,27.95
13.400,-22.51,16.56,27.95
13.433,-22.51,16.56,27.95
13.467,-22.51,16.56,27.95
13.500,-22.51,16.56,27.95
13.533,-22.51,16.56,27.95
13.567,-22.51,16.56,27.95
13.600,-22.51,16.56,27.95
13.633,-22.51,16.56,27.95
13.667,-22.51,16.56,27.95
13.700,-22.51,16.56,27.95
13.733,-22.51,16.56,27.95
13.767,-22.51,16.56,27.95
13.800,-22.51,16.56,27.95
13.833,-22.50,16.57,27.94
13.867,-22.50,16.57,27.94
13.900,-22.50,16.57,27.94
13.933,-22.50,16.56,27.94
13.967,-22.51,16.56,27.94
14.000,-22.51,16.56,27.94
14.033,-22.51,16.56,27.94
14.067,-22.51,16.56,27.94
14.100,-22.51,16.56,27.94
14.133,-22.51,16.56,27.94
14.167,-22.51,16.56,27.94
14.200,-22.50,16.56,27.94
14.233,-22.50,16.56,27.94
14.267,-22.50,16.56,27.94
14.300,-22.50,16.56,27.94
14.333,-22.50,16.56,27.94
14.367,-22.50,16.56,27.94
14.400,-22.50,16.56,27.94
14.433,-22.51,16.56,27.95
14.467,-22.51,16.56,27.95
14.500,-22.50,16.56,27.94
14.533,-22.50,16.57,27.94
14.567,-22.50,16.57,27.94
14.600,-22.50,16.56,27.94
14.633,-22.50,16.57,27.94
14.667,-22.50,16.57,27.94
14.700,-22.50,16.57,27.94
14.733,-22.50,16.56,27.94
14.767,-22.50,16.56,27.94
14.800,-22.51,16.56,27.94
14.833,-22.51,16.56,27.94
14.867,-22.51,16.56,27.94
14.900,-22.50,16.57,27.94
14.933,-22.50,16.57,27.94
14.967,-22.50,16.57,27.94
15.000,-22.50,16.57,27.94
15.033,-22.50,16.56,27.94
15.067,-22.50,16.56,27.94
15.100,-22.50,16.56,27.94
15.133,-22.50,16.56,27.94
15.167,-22.50,16.56,27.94
15.200,-22.50,16.56,27.94
15.233,-22.50,16.56,27.94
15.267,-22.51,16.56,27.94
15.300,-22.51,16.56,27.94
15.333,-22.50,16.56,27.94
15.367,-22.50,16.56,27.94
15.400,-22.50,16.56,27.94
15.433,-22.50,16.56,27.94
15.467,-22.50,16.56,27.94
15.500,-22.50,16.56,27.94
15.533,-22.50,16.56,27.94
15.567,-22.50,16.56,27.93
15.600,-22.50,16.56,27.94
15.633,-22.49,16.56,27.93
15.667,-22.49,16.56,27.93
15.700,-22.49,16.57,27.94
15.733,-22.50,16.57,27.94
15.767,-22.50,16.57,27.94
15.800,-22.50,16.57,27.94
15.833,-22.50,16.57,27.94
15.867,-22.50,16.56,27.94
15.900,-22.50,16.56,27.94
15.933,-22.51,16.56,27.94
15.967,-22.51,16.56,27.94
16.000,-22.51,16.56,27.95
16.033,-22.51,16.56,27.95
16.067,-22.51,16.56,27.95
16.100,-22.51,16.56,27.94
16.133,-22.51,16.55,27.94
16.167,-22.51,16.56,27.95
16.200,-22.51,16.55,27.94
16.233,-22.51,16.56,27.94
16.267,-22.51,16.56,27.94
16.300,-22.51,16.56,27.94
16.333,-22.51,16.56,27.94
16.367,-22.51,16.56,27.94
16.400,-22.51,16.57,27.95
16.433,-22.51,16.56,27.95
16.467,-22.51,16.57,27.95
16.500,-22.51,16.57,27.95
16.533,-22.51,16.56,27.95
16.567,-22.51,16.56,27.95
16.600,-22.51,16.56,27.95
16.633,-22.51,16.56,27.95
16.667,-22.52,16.57,27.96
16.700,-22.52,16.57,27.95
16.733,-22.51,16.56,27.95
16.767,-22.51,16.56,27.95
16.800,-22.51,16.56,27.95
16.833,-22.51,16.56,27.94
16.867,-22.51,16.56,27.94
16.900,-22.51,16.56,27.94
16.933,-22.51,16.56,27.94
16.967,-22.51,16.56,27.94
17.000,-22.51,16.56,27.94
17.033,-22.51,16.56,27.94
17.067,-22.50,16.56,27.94
17.100,-22.51,16.56,27.94
17.133,-22.50,16.56,27.94
17.167,-22.50,16.56,27.94
17.200,-22.50,16.56,27.94
17.233,-22.50,16.56,27.94
17.267,-22.50,16.56,27.94
17.300,-22.50,16.56,27.94
17.333,-22.50,16.56,27.94
17.367,-22.50,16.56,27.94
17.400,-22.50,16.56,27.94
17.433,-22.50,16.56,27.94
17.467,-22.50,16.56,27.94
17.500,-22.50,16.56,27.94
17.533,-22.50,16.56,27.94
17.567,-22.50,16.56,27.94
17.600,-22.50,16.56,27.94
17.633,-22.50,16.56,27.94
17.667,-22.50,16.56,27.94
17.700,-22.50,16.56,27.94
17.733,-22.50,16.56,27.94
17.767,-22.50,16.56,27.94
17.800,-22.50,16.56,27.94
17.833,-22.50,16.56,27.94
17.867,-22.50,16.56,27.93
17.900,-22.50,16.56,27.94
17.933,-22.50,16.56,27.93
17.967,-22.49,16.56,27.93
18.000,-22.49,16.56,27.93
18.033,-22.49,16.56,27.93
18.067,-22.48,16.56,27.93
18.100,-22.49,16.56,27.93
18.133,-22.49,16.57,27.93
18.167,-22.49,16.56,27.93
18.200,-22.49,16.56,27.93
18.233,-22.49,16.56,27.93
18.267,-22.50,16.56,27.94
18.300,-22.50,16.56,27.93
18.333,-22.50,16.56,27.94
18.367,-22.50,16.56,27.94
18.400,-22.50,16.56,27.93
18.433,-22.50,16.56,27.94
18.467,-22.50,16.56,27.94
18.500,-22.50,16.56,27.94
18.533,-22.50,16.56,27.94
18.567,-22.50,16.56,27.94
18.600,-22.50,16.56,27.94
18.633,-22.50,16.56,27.94
18.667,-22.50,16.56,27.94
18.700,-22.50,16.56,27.94
18.733,-22.50,16.56,27.94
18.767,-22.50,16.56,27.94
18.800,-22.50,16.56,27.94
18.833,-22.50,16.56,27.94
18.867,-22.50,16.56,27.94
18.900,-22.50,16.56,27.94
18.933,-22.50,16.56,27.94
18.967,-22.50,16.56,27.94
19.000,-22.50,16.56,27.94
19.033,-22.50,16.56,27.94
19.067,-22.50,16.56,27.94
19.100,-22.50,16.55,27.94
19.133,-22.51,16.55,27.94
19.167,-22.50,16.55,27.94
19.200,-22.51,16.56,27.94
19.233,-22.50,16.56,27.94
19.267,-22.50,16.56,27.94
19.300,-22.50,16.56,27.94
19.333,-22.50,16.56,27.94
19.367,-22.50,16.56,27.94
19.400,-22.50,16.56,27.94
19.433,-22.50,16.56,27.94
19.467,-22.50,16.56,27.94
19.500,-22.50,16.56,27.94
19.533,-22.50,16.56,27.94
19.567,-22.50,16.56,27.94
19.600,-22.50,16.56,27.94
19.633,-22.50,16.56,27.94
19.667,-22.50,16.56,27.94
19.700,-22.50,16.56,27.94
19.733,-22.50,16.56,27.94
19.767,-22.50,16.56,27.94
19.800,-22.50,16.56,27.94
19.833,-22.50,16.56,27.94
19.867,-22.50,16.56,27.94
19.900,-22.50,16.56,27.94
19.933,-22.50,16.56,27.94
19.967,-22.50,16.56,27.94
20.000,-22.50,16.56,27.94
20.033,-22.50,16.56,27.94
20.067,-22.51,16.56,27.94
20.100,-22.51,16.56,27.95
20.133,-22.51,16.56,27.94
20.167,-22.51,16.56,27.94
20.200,-22.51,16.56,27.94
20.233,-22.51,16.56,27.94
20.267,-22.51,16.56,27.94
20.300,-22.51,16.56,27.94
20.333,-22.51,16.56,27.94
20.367,-22.51,16.56,27.94
20.400,-22.51,16.56,27.94
20.433,-22.50,16.56,27.94
20.467,-22.51,16.56,27.94
20.500,-22.50,16.57,27.94
20.533,-22.50,16.57,27.94
20.567,-22.50,16.56,27.94
20.600,-22.50,16.56,27.94
20.633,-22.50,16.56,27.94
20.667,-22.50,16.57,27.94
20.700,-22.50,16.57,27.94
20.733,-22.50,16.57,27.94
20.767,-22.50,16.57,27.94
20.800,-22.50,16.57,27.94
20.833,-22.50,16.56,27.94
20.867,-22.50,16.56,27.94
20.900,-22.50,16.56,27.94
20.933,-22.50,16.56,27.94
20.967,-22.50,16.56,27.94
21.000,-22.50,16.56,27.94
21.033,-22.50,16.56,27.94
21.067,-22.50,16.56,27.94
21.100,-22.50,16.56,27.94
21.133,-22.50,16.56,27.94
21.167,-22.50,16.56,27.94
21.200,-22.50,16.56,27.94
21.233,-22.50,16.56,27.94
21.267,-22.50,16.56,27.94
21.300,-22.50,16.56,27.94
21.333,-22.50,16.56,27.94
21.367,-22.50,16.56,27.94
21.400,-22.50,16.56,27.94
21.433,-22.50,16.56,27.94
21.467,-22.50,16.56,27.94
21.500,-22.50,16.57,27.94
21.533,-22.50,16.56,27.94
21.567,-22.50,16.56,27.94
21.600,-22.50,16.56,27.94
21.633,-22.50,16.56,27.94
21.667,-22.50,16.56,27.94
21.700,-22.50,16.56,27.94
21.733,-22.50,16.56,27.94
21.767,-22.50,16.56,27.94
21.800,-22.50,16.56,27.94
21.833,-22.50,16.56,27.94
21.867,-22.50,16.56,27.94
21.900,-22.50,16.56,27.94
21.933,-22.50,16.56,27.94
21.967,-22.50,16.56,27.94
22.000,-22.50,16.56,27.94
22.033,-22.50,16.56,27.94
22.067,-22.50,16.55,27.94
22.100,-22.50,16.57,27.94
22.133,-22.50,16.56,27.94
22.167,-22.50,16.56,27.94
22.200,-22.50,16.56,27.94
22.233,-22.50,16.56,27.94
22.267,-22.50,16.56,27.94
22.300,-22.50,16.56,27.94
22.333,-22.50,16.56,27.94
22.367,-22.50,16.56,27.94
22.400,-22.50,16.56,27.94
22.433,-22.50,16.56,27.94
22.467,-22.50,16.56,27.94
22.500,-22.50,16.56,27.94
22.533,-22.49,16.57,27.94
22.567,-22.49,16.57,27.94
22.600,-22.49,16.57,27.93
22.633,-22.49,16.58,27.93
22.667,-22.49,16.57,27.94
22.700,-22.49,16.57,27.93
22.733,-22.49,16.57,27.93
22.767,-22.49,16.57,27.93
22.800,-22.50,16.57,27.94
22.833,-22.50,16.57,27.94
22.867,-22.50,16.57,27.94
22.900,-22.50,16.57,27.94
22.933,-22.50,16.57,27.94
22.967,-22.50,16.57,27.94
23.000,-22.50,16.57,27.94
23.033,-22.50,16.57,27.94
23.067,-22.50,16.57,27.94
23.100,-22.50,16.57,27.94
23.133,-22.50,16.57,27.94
23.167,-22.50,16.57,27.94
23.200,-22.50,16.57,27.94
23.233,-22.50,16.57,27.94
23.267,-22.50,16.57,27.94
23.300,-22.50,16.57,27.94
23.333,-22.49,16.57,27.94
23.367,-22.49,16.57,27.94
23.400,-22.49,16.57,27.94
23.433,-22.49,16.57,27.93
23.467,-22.49,16.57,27.94
23.500,-22.49,16.57,27.94
23.533,-22.50,16.57,27.94
23.567,-22.50,16.57,27.94
23.600,-22.50,16.57,27.94
23.633,-22.50,16.57,27.94
23.667,-22.50,16.57,27.94
23.700,-22.49,16.57,27.94
23.733,-22.50,16.57,27.94
23.767,-22.50,16.57,27.94
23.800,-22.50,16.57,27.94
23.833,-22.50,16.57,27.94
23.867,-22.50,16.57,27.94
23.900,-22.50,16.57,27.94
23.933,-22.50,16.57,27.94
23.967,-22.49,16.57,27.94
24.000,-22.50,16.57,27.94
24.033,-22.50,16.57,27.94
24.067,-22.50,16.57,27.94
24.100,-22.50,16.57,27.94
24.133,-22.50,16.56,27.94
24.167,-22.50,16.56,27.94
24.200,-22.50,16.56,27.94
24.233,-22.51,16.56,27.94
24.267,-22.52,16.56,27.95
24.300,-22.52,16.55,27.95
24.333,-22.52,16.55,27.95
24.367,-22.52,16.55,27.95
24.400,-22.52,16.56,27.95
24.433,-22.52,16.56,27.95
24.467,-22.52,16.56,27.95
24.500,-22.52,16.56,27.95
24.533,-22.51,16.56,27.95
24.567,-22.51,16.56,27.95
24.600,-22.51,16.56,27.95
24.633,-22.51,16.56,27.95
24.667,-22.50,16.56,27.94
24.700,-22.50,16.56,27.94
24.733,-22.49,16.57,27.93
24.767,-22.49,16.57,27.93
24.800,-22.49,16.57,27.93
24.833,-22.49,16.57,27.94
24.867,-22.50,16.57,27.94
24.900,-22.50,16.57,27.94
24.933,-22.50,16.57,27.94
24.967,-22.50,16.57,27.94
25.000,-22.48,16.58,27.94
25.033,-22.49,16.58,27.94
25.067,-22.49,16.57,27.94
25.100,-22.49,16.57,27.94
25.133,-22.49,16.57,27.94
25.167,-22.50,16.57,27.94
25.200,-22.50,16.58,27.94
25.233,-22.50,16.57,27.94
25.267,-22.49,16.56,27.93
25.300,-22.50,16.56,27.94
25.333,-22.50,16.56,27.94
25.367,-22.50,16.56,27.94
25.400,-22.50,16.56,27.94
25.433,-22.50,16.56,27.94
25.467,-22.50,16.56,27.94
25.500,-22.50,16.56,27.94
25.533,-22.50,16.56,27.94
25.567,-22.50,16.56,27.94
25.600,-22.50,16.56,27.94
25.633,-22.50,16.56,27.94
25.667,-22.50,16.56,27.94
25.700,-22.50,16.57,27.94
25.733,-22.50,16.57,27.94
25.767,-22.50,16.57,27.94
25.800,-22.50,16.57,27.94
25.833,-22.50,16.57,27.94
25.867,-22.50,16.57,27.94
25.900,-22.50,16.57,27.94
25.933,-22.50,16.57,27.94
25.967,-22.50,16.57,27.94
26.000,-22.50,16.57,27.94
26.033,-22.50,16.57,27.94
26.067,-22.50,16.57,27.94
26.100,-22.50,16.57,27.94
26.133,-22.50,16.57,27.94
26.167,-22.50,16.57,27.94
26.200,-22.50,16.57,27.94
26.233,-22.50,16.57,27.94
26.267,-22.50,16.57,27.94
26.300,-22.50,16.57,27.94
26.333,-22.50,16.57,27.94
26.367,-22.50,16.57,27.94
26.400,-22.50,16.57,27.94
26.433,-22.50,16.57,27.94
26.467,-22.50,16.57,27.94
26.500,-22.50,16.57,27.94
26.533,-22.50,16.57,27.94
26.567,-22.50,16.57,27.94
26.600,-22.50,16.57,27.94
26.633,-22.50,16.57,27.94
26.667,-22.50,16.57,27.94
26.700,-22.50,16.57,27.94
26.733,-22.50,16.57,27.94
26.767,-22.50,16.57,27.94
26.800,-22.50,16.57,27.94
26.833,-22.50,16.57,27.94
26.867,-22.50,16.57,27.94
26.900,-22.50,16.57,27.94
26.933,-22.50,16.57,27.94
26.967,-22.50,16.57,27.94
27.000,-22.50,16.57,27.94
27.033,-22.50,16.56,27.94
27.067,-22.50,16.56,27.94
27.100,-22.50,16.56,27.94
27.133,-22.50,16.56,27.94
27.167,-22.50,16.56,27.94
27.200,-22.50,16.56,27.94
27.233,-22.50,16.56,27.94
27.267,-22.50,16.56,27.94
27.300,-22.50,16.56,27.94
27.333,-22.50,16.56,27.94
27.367,-22.50,16.56,27.94
27.400,-22.50,16.56,27.94
27.433,-22.50,16.56,27.94
27.467,-22.50,16.56,27.94
27.500,-22.50,16.56,27.94
27.533,-22.50,16.56,27.94
27.567,-22.50,16.56,27.94
27.600,-22.50,16.56,27.94
27.633,-22.50,16.56,27.94
27.667,-22.50,16.56,27.94
27.700,-22.50,16.56,27.94
27.733,-22.50,16.56,27.94
27.767,-22.50,16.56,27.94
27.800,-22.50,16.56,27.94
27.833,-22.51,16.55,27.94
27.867,-22.50,16.56,27.94
27.900,-22.51,16.55,27.94
27.933,-22.51,16.55,27.94
27.967,-22.51,16.55,27.94
28.000,-22.51,16.55,27.94
28.033,-22.51,16.55,27.93
28.067,-22.51,16.55,27.94
28.100,-22.50,16.55,27.94
28.133,-22.50,16.56,27.94
28.167,-22.50,16.56,27.94
28.200,-22.50,16.56,27.94
28.233,-22.50,16.56,27.94
28.267,-22.50,16.56,27.94
28.300,-22.50,16.56,27.94
28.333,-22.50,16.56,27.94
28.367,-22.50,16.56,27.94
28.400,-22.50,16.56,27.94
28.433,-22.50,16.56,27.94
28.467,-22.50,16.56,27.94
28.500,-22.50,16.56,27.94
28.533,-22.50,16.56,27.94
28.567,-22.50,16.56,27.94
28.600,-22.50,16.56,27.94
28.633,-22.50,16.56,27.94
28.667,-22.50,16.56,27.94
28.700,-22.51,16.56,27.94
28.733,-22.51,16.56,27.94
28.767,-22.51,16.56,27.94
28.800,-22.51,16.56,27.94
28.833,-22.51,16.56,27.94
28.867,-22.50,16.56,27.94
28.900,-22.50,16.56,27.94
28.933,-22.50,16.56,27.94
28.967,-22.50,16.56,27.94
29.000,-22.50,16.56,27.94
29.033,-22.50,16.56,27.94
29.067,-22.50,16.56,27.94
29.100,-22.50,16.56,27.94
29.133,-22.50,16.56,27.94
29.167,-22.50,16.56,27.94
29.200,-22.50,16.56,27.94
29.233,-22.50,16.56,27.94
29.267,-22.50,16.56,27.94
29.300,-22.50,16.56,27.94
29.333,-22.50,16.57,27.94
29.367,-22.49,16.57,27.94
29.400,-22.49,16.58,27.94
29.433,-22.49,16.57,27.94
29.467,-22.49,16.57,27.94
29.500,-22.50,16.57,27.94
29.533,-22.50,16.57,27.94
29.567,-22.50,16.57,27.94
29.600,-22.50,16.57,27.94
29.633,-22.50,16.57,27.94
29.667,-22.50,16.57,27.94
29.700,-22.50,16.57,27.94
29.733,-22.50,16.57,27.94
29.767,-22.50,16.57,27.94
29.800,-22.50,16.57,27.94
29.833,-22.50,16.57,27.94
29.867,-22.50,16.57,27.94
29.900,-22.50,16.57,27.94
29.933,-22.50,16.57,27.94
29.967,-22.50,16.57,27.94
30.000,-22.50,16.57,27.94
