0.000,-42.60,-18.53,46.46
0.033,-42.51,-18.56,46.38
0.067,-42.41,-18.59,46.31
0.100,-42.36,-18.58,46.26
0.133,-42.28,-18.57,46.18
0.167,-42.23,-18.63,46.15
0.200,-42.24,-18.56,46.14
0.233,-42.22,-18.58,46.13
0.267,-42.20,-18.54,46.10
0.300,-42.12,-18.49,46.00
0.333,-42.05,-18.56,45.96
0.367,-41.99,-18.54,45.90
0.400,-41.86,-18.62,45.82
0.433,-41.80,-18.65,45.77
0.467,-41.75,-18.68,45.74
0.500,-41.71,-18.80,45.75
0.533,-41.69,-18.81,45.74
0.567,-41.58,-18.95,45.70
0.600,-41.59,-18.97,45.71
0.633,-41.54,-19.03,45.69
0.667,-41.47,-19.08,45.65
0.700,-41.44,-19.13,45.64
0.733,-41.42,-19.17,45.64
0.767,-41.31,-19.25,45.58
0.800,-41.28,-19.30,45.57
0.833,-41.19,-19.42,45.54
0.867,-41.15,-19.43,45.50
0.900,-41.04,-19.63,45.50
0.933,-41.04,-19.66,45.50
0.967,-40.96,-19.73,45.46
1.000,-40.97,-19.83,45.52
1.033,-40.99,-19.82,45.53
1.067,-40.90,-19.96,45.51
1.100,-40.85,-19.99,45.48
1.133,-40.73,-20.11,45.42
1.167,-40.70,-20.16,45.42
1.200,-40.67,-20.14,45.38
1.233,-40.56,-20.29,45.36
1.267,-40.52,-20.28,45.31
1.300,-40.42,-20.36,45.26
1.333,-40.37,-20.38,45.22
1.367,-40.37,-20.41,45.23
1.400,-40.32,-20.40,45.19
1.433,-40.28,-20.42,45.16
1.467,-40.22,-20.44,45.11
1.500,-40.18,-20.47,45.09
1.533,-40.08,-20.56,45.05
1.567,-40.08,-20.66,45.09
1.600,-40.05,-20.62,45.05
1.633,-40.02,-20.64,45.03
1.667,-39.93,-20.71,44.98
1.700,-39.85,-20.72,44.92
1.733,-39.80,-20.77,44.90
1.767,-39.75,-20.75,44.84
1.800,-39.70,-20.75,44.79
1.833,-39.68,-20.77,44.78
1.867,-39.69,-20.77,44.80
1.900,-39.67,-20.82,44.80
1.933,-39.61,-20.80,44.74
1.967,-39.55,-20.78,44.67
2.000,-39.52,-20.77,44.64
2.033,-39.42,-20.84,44.59
2.067,-39.38,-20.85,44.56
2.100,-39.35,-20.90,44.56
2.133,-39.29,-20.90,44.51
2.167,-39.26,-20.91,44.48
2.200,-39.23,-20.91,44.46
2.233,-39.21,-20.91,44.44
2.267,-39.19,-20.94,44.43
2.300,-39.12,-20.93,44.37
2.333,-39.08,-20.92,44.32
2.367,-39.05,-20.91,44.29
2.400,-39.03,-20.95,44.30
2.433,-38.97,-20.95,44.25
2.467,-38.94,-20.97,44.23
2.500,-38.91,-20.95,44.19
2.533,-38.89,-20.95,44.17
2.567,-38.79,-20.99,44.10
2.600,-38.67,-21.07,44.04
2.633,-38.62,-21.06,43.99
2.667,-38.56,-21.09,43.95
2.700,-38.53,-21.11,43.93
2.733,-38.51,-21.10,43.91
2.767,-38.34,-21.18,43.80
2.800,-38.27,-21.22,43.75
2.833,-38.22,-21.27,43.74
2.867,-38.04,-21.35,43.62
2.900,-38.02,-21.36,43.61
2.933,-37.98,-21.37,43.58
2.967,-37.96,-21.37,43.56
3.000,-37.94,-21.39,43.55
3.033,-37.93,-21.41,43.55
3.067,-37.90,-21.40,43.53
3.100,-37.87,-21.41,43.50
3.133,-37.86,-21.41,43.49
3.167,-37.85,-21.41,43.49
3.200,-37.85,-21.41,43.48
3.233,-37.85,-21.40,43.48
3.267,-37.85,-21.40,43.48
3.300,-37.85,-21.40,43.48
3.333,-37.85,-21.40,43.48
3.367,-37.86,-21.41,43.49
3.400,-37.86,-21.40,43.49
3.433,-37.86,-21.40,43.49
3.467,-37.86,-21.41,43.49
3.500,-37.87,-21.42,43.51
3.533,-37.88,-21.44,43.52
3.567,-37.87,-21.43,43.51
3.600,-37.86,-21.44,43.51
3.633,-37.87,-21.46,43.53
3.667,-37.80,-21.47,43.48
3.700,-37.84,-21.53,43.53
3.733,-37.86,-21.56,43.56
3.767,-37.86,-21.59,43.58
3.800,-37.87,-21.62,43.61
3.833,-37.83,-21.63,43.58
3.867,-37.85,-21.70,43.63
3.900,-37.87,-21.76,43.68
3.933,-37.83,-21.78,43.66
3.967,-37.85,-21.84,43.70
4.000,-37.84,-21.87,43.70
4.033,-37.83,-21.89,43.70
4.067,-37.78,-21.94,43.69
4.100,-37.78,-22.03,43.73
4.133,-37.70,-22.15,43.73
4.167,-37.71,-22.25,43.78
4.200,-37.66,-22.27,43.75
4.233,-37.66,-22.33,43.79
4.267,-37.65,-22.38,43.80
4.300,-37.61,-22.48,43.82
4.333,-37.58,-22.53,43.81
4.367,-37.56,-22.55,43.81
4.400,-37.54,-22.56,43.80
4.433,-37.49,-22.57,43.76
4.467,-37.48,-22.61,43.77
4.500,-37.48,-22.64,43.78
4.533,-37.49,-22.65,43.80
4.567,-37.49,-22.66,43.80
4.600,-37.50,-22.66,43.81
4.633,-37.50,-22.66,43.82
4.667,-37.50,-22.66,43.82
4.700,-37.51,-22.66,43.83
4.733,-37.51,-22.67,43.83
4.767,-37.51,-22.67,43.83
4.800,-37.52,-22.66,43.83
4.833,-37.50,-22.62,43.80
4.867,-37.50,-22.60,43.79
4.900,-37.50,-22.59,43.78
4.933,-37.51,-22.59,43.79
4.967,-37.52,-22.60,43.80
5.000,-37.52,-22.59,43.80
5.033,-37.52,-22.60,43.80
5.067,-37.52,-22.61,43.80
5.100,-37.50,-22.57,43.77
5.133,-37.50,-22.57,43.77
5.167,-37.53,-22.55,43.79
5.200,-37.51,-22.48,43.73
5.233,-37.50,-22.44,43.70
5.267,-37.49,-22.41,43.68
5.300,-37.52,-22.40,43.70
5.333,-37.50,-22.33,43.65
5.367,-37.48,-22.29,43.61
5.400,-37.47,-22.27,43.59
5.433,-37.46,-22.25,43.57
5.467,-37.50,-22.20,43.58
5.500,-37.48,-22.14,43.53
5.533,-37.44,-22.12,43.49
5.567,-37.41,-22.07,43.43
5.600,-37.35,-22.02,43.35
5.633,-37.32,-21.98,43.31
5.667,-37.31,-21.91,43.27
5.700,-37.28,-21.86,43.22
5.733,-37.19,-21.81,43.11
5.767,-37.14,-21.76,43.05
5.800,-37.09,-21.73,42.99
5.833,-37.05,-21.71,42.94
5.867,-37.02,-21.68,42.90
5.900,-36.99,-21.65,42.86
5.933,-36.97,-21.63,42.83
5.967,-36.93,-21.64,42.80
6.000,-36.86,-21.63,42.74
6.033,-36.84,-21.64,42.73
6.067,-36.76,-21.60,42.64
6.100,-36.70,-21.54,42.56
6.133,-36.69,-21.50,42.53
6.167,-36.60,-21.45,42.42
6.200,-36.54,-21.40,42.35
6.233,-36.51,-21.37,42.30
6.267,-36.47,-21.31,42.24
6.300,-36.28,-21.27,42.06
6.333,-36.24,-21.29,42.03
6.367,-36.23,-21.25,42.00
6.400,-36.24,-21.18,41.98
6.433,-36.15,-21.10,41.86
6.467,-36.18,-21.00,41.83
6.500,-36.10,-20.94,41.74
6.533,-36.08,-20.90,41.69
6.567,-36.06,-20.86,41.66
6.600,-35.93,-20.80,41.52
6.633,-35.90,-20.77,41.47
6.667,-35.91,-20.75,41.48
6.700,-35.94,-20.71,41.48
6.733,-35.94,-20.72,41.48
6.767,-35.87,-20.65,41.39
6.800,-35.87,-20.60,41.37
6.833,-35.78,-20.51,41.24
6.867,-35.76,-20.46,41.20
6.900,-35.76,-20.46,41.20
6.933,-35.77,-20.41,41.18
6.967,-35.78,-20.38,41.17
7.000,-35.67,-20.27,41.02
7.033,-35.65,-20.26,41.00
7.067,-35.63,-20.26,40.99
7.100,-35.62,-20.23,40.97
7.133,-35.61,-20.23,40.95
7.167,-35.49,-20.16,40.81
7.200,-35.46,-20.09,40.76
7.233,-35.38,-19.97,40.63
7.267,-35.35,-19.92,40.57
7.300,-35.22,-19.82,40.41
7.333,-35.23,-19.73,40.38
7.367,-35.09,-19.69,40.23
7.400,-35.13,-19.63,40.24
7.433,-35.16,-19.59,40.25
7.467,-35.16,-19.52,40.22
7.500,-35.24,-19.48,40.26
7.533,-35.23,-19.33,40.18
7.567,-35.20,-19.26,40.13
7.600,-35.16,-19.15,40.03
7.633,-35.17,-19.10,40.02
7.667,-35.13,-19.05,39.96
7.700,-35.16,-18.98,39.95
7.733,-35.15,-18.98,39.94
7.767,-35.11,-19.00,39.92
7.800,-35.12,-19.00,39.92
7.833,-35.03,-18.89,39.80
7.867,-35.01,-18.85,39.76
7.900,-35.00,-18.82,39.74
7.933,-34.99,-18.80,39.72
7.967,-34.99,-18.78,39.71
8.000,-34.93,-18.72,39.63
8.033,-34.88,-18.56,39.51
8.067,-34.86,-18.54,39.48
8.100,-34.89,-18.45,39.46
8.133,-34.84,-18.45,39.43
8.167,-34.72,-18.37,39.28
8.200,-34.68,-18.34,39.23
8.233,-34.65,-18.34,39.20
8.267,-34.52,-18.28,39.06
8.300,-34.47,-18.26,39.01
8.333,-34.48,-18.19,38.98
8.367,-34.39,-18.10,38.86
8.400,-34.37,-18.07,38.83
8.433,-34.33,-18.07,38.80
8.467,-34.35,-18.04,38.80
8.500,-34.35,-18.02,38.79
8.533,-34.35,-18.00,38.79
8.567,-34.21,-17.94,38.63
8.600,-34.16,-17.92,38.57
8.633,-34.12,-17.85,38.50
8.667,-34.04,-17.85,38.44
8.700,-33.94,-17.83,38.34
8.733,-33.88,-17.86,38.30
8.767,-33.82,-17.88,38.25
8.800,-33.76,-17.85,38.19
8.833,-33.67,-17.87,38.12
8.867,-33.59,-17.85,38.04
8.900,-33.56,-17.86,38.02
8.933,-33.50,-17.89,37.97
8.967,-33.46,-17.86,37.93
9.000,-33.40,-17.88,37.88
9.033,-33.37,-17.87,37.85
9.067,-33.32,-17.84,37.79
9.100,-33.26,-17.83,37.74
9.133,-33.09,-17.79,37.57
9.167,-32.98,-17.76,37.45
9.200,-32.86,-17.72,37.33
9.233,-32.75,-17.72,37.24
9.267,-32.70,-17.69,37.18
9.300,-32.58,-17.72,37.09
9.333,-32.48,-17.73,37.01
9.367,-32.41,-17.76,36.95
9.400,-32.37,-17.74,36.91
9.433,-32.34,-17.73,36.88
9.467,-32.31,-17.73,36.85
9.500,-32.29,-17.72,36.84
9.533,-32.29,-17.72,36.83
9.567,-32.29,-17.72,36.83
9.600,-32.29,-17.72,36.83
9.633,-32.29,-17.72,36.83
9.667,-32.28,-17.72,36.83
9.700,-32.29,-17.71,36.83
9.733,-32.29,-17.71,36.83
9.767,-32.29,-17.71,36.83
9.800,-32.29,-17.71,36.83
9.833,-32.29,-17.70,36.83
9.867,-32.29,-17.70,36.83
9.900,-32.29,-17.70,36.83
9.933,-32.29,-17.71,36.83
9.967,-32.30,-17.70,36.83
10.000,-32.30,-17.70,36.83
10.033,-32.29,-17.70,36.82
10.067,-32.31,-17.70,36.84
10.100,-32.35,-17.68,36.87
10.133,-32.40,-17.68,36.91
10.167,-32.33,-17.65,36.83
10.200,-32.33,-17.61,36.82
10.233,-32.33,-17.58,36.80
10.267,-32.34,-17.55,36.79
10.300,-32.34,-17.53,36.78
10.333,-32.26,-17.49,36.70
10.367,-32.27,-17.44,36.68
10.400,-32.28,-17.39,36.67
10.433,-32.29,-17.37,36.67
10.467,-32.20,-17.29,36.55
10.500,-32.20,-17.25,36.53
10.533,-32.20,-17.24,36.52
10.567,-32.19,-17.24,36.51
10.600,-32.18,-17.24,36.51
10.633,-32.19,-17.23,36.51
10.667,-32.18,-17.24,36.50
10.700,-32.17,-17.24,36.50
10.733,-32.16,-17.25,36.50
10.767,-32.17,-17.25,36.50
10.800,-32.19,-17.25,36.52
10.833,-32.22,-17.27,36.55
10.867,-32.35,-17.37,36.72
10.900,-32.41,-17.43,36.80
10.933,-32.41,-17.48,36.83
10.967,-32.48,-17.47,36.88
11.000,-32.61,-17.47,37.00
11.033,-32.74,-17.48,37.11
11.067,-32.85,-17.43,37.19
11.100,-32.93,-17.45,37.26
11.133,-33.02,-17.46,37.36
11.167,-33.10,-17.44,37.41
11.200,-33.16,-17.42,37.46
11.233,-33.26,-17.43,37.55
11.267,-33.35,-17.42,37.62
11.300,-33.52,-17.45,37.79
11.333,-33.72,-17.46,37.98
11.367,-33.89,-17.41,38.10
11.400,-34.00,-17.39,38.19
11.433,-34.10,-17.40,38.29
11.467,-34.21,-17.35,38.36
11.500,-34.37,-17.32,38.49
11.533,-34.45,-17.24,38.52
11.567,-34.61,-17.23,38.66
11.600,-34.76,-17.22,38.79
11.633,-34.89,-17.22,38.91
11.667,-34.97,-17.19,38.97
11.700,-35.13,-17.19,39.11
11.733,-35.34,-17.16,39.29
11.767,-35.41,-17.08,39.32
11.800,-35.60,-17.10,39.49
11.833,-35.73,-17.09,39.60
11.867,-35.87,-17.04,39.72
11.900,-35.99,-17.06,39.83
11.933,-36.09,-17.03,39.91
11.967,-36.24,-16.98,40.02
12.000,-36.37,-16.93,40.12
12.033,-36.50,-16.91,40.23
12.067,-36.66,-16.86,40.35
12.100,-36.73,-16.79,40.38
12.133,-36.85,-16.74,40.47
12.167,-37.07,-16.66,40.65
12.200,-37.10,-16.64,40.66
12.233,-37.12,-16.62,40.67
12.267,-37.14,-16.55,40.66
12.300,-37.22,-16.58,40.75
12.333,-37.33,-16.58,40.85
12.367,-37.43,-16.59,40.94
12.400,-37.46,-16.55,40.95
12.433,-37.55,-16.51,41.02
12.467,-37.53,-16.46,40.98
12.500,-37.50,-16.44,40.95
12.533,-37.59,-16.49,41.04
12.567,-37.58,-16.47,41.04
12.600,-37.53,-16.41,40.96
12.633,-37.60,-16.39,41.02
12.667,-37.58,-16.33,40.97
12.700,-37.57,-16.33,40.96
12.733,-37.56,-16.33,40.96
12.767,-37.60,-16.34,40.99
12.800,-37.58,-16.30,40.96
12.833,-37.58,-16.29,40.96
12.867,-37.58,-16.29,40.96
12.900,-37.56,-16.31,40.95
12.933,-37.55,-16.32,40.94
12.967,-37.52,-16.27,40.90
13.000,-37.49,-16.24,40.86
13.033,-37.55,-16.20,40.90
13.067,-37.56,-16.12,40.88
13.100,-37.57,-16.07,40.86
13.133,-37.54,-15.97,40.80
13.167,-37.51,-15.88,40.73
13.200,-37.50,-15.78,40.68
13.233,-37.52,-15.67,40.67
13.267,-37.53,-15.60,40.64
13.300,-37.56,-15.49,40.63
13.333,-37.58,-15.42,40.62
13.367,-37.52,-15.27,40.51
13.400,-37.50,-15.18,40.45
13.433,-37.48,-15.07,40.39
13.467,-37.45,-14.92,40.31
13.500,-37.37,-14.79,40.19
13.533,-37.35,-14.67,40.13
13.567,-37.32,-14.58,40.06
13.600,-37.26,-14.40,39.95
13.633,-37.18,-14.31,39.84
13.667,-37.19,-14.17,39.79
13.700,-37.22,-14.04,39.78
13.733,-37.22,-13.89,39.73
13.767,-37.18,-13.76,39.64
13.800,-37.15,-13.65,39.58
13.833,-37.13,-13.48,39.50
13.867,-37.07,-13.36,39.40
13.900,-37.00,-13.18,39.28
13.933,-37.00,-12.97,39.21
13.967,-37.01,-12.83,39.17
14.000,-37.04,-12.68,39.15
14.033,-37.04,-12.53,39.10
14.067,-37.03,-12.35,39.03
14.100,-36.99,-12.20,38.95
14.133,-36.96,-12.02,38.86
14.167,-36.89,-11.94,38.77
14.200,-36.87,-11.81,38.72
14.233,-36.83,-11.72,38.65
14.267,-36.82,-11.58,38.60
14.300,-36.81,-11.50,38.56
14.333,-36.77,-11.44,38.51
14.367,-36.75,-11.36,38.47
14.400,-36.72,-11.30,38.42
14.433,-36.73,-11.23,38.41
14.467,-36.74,-11.17,38.40
14.500,-36.76,-11.14,38.41
14.533,-36.77,-11.07,38.40
14.567,-36.80,-11.03,38.42
14.600,-36.78,-11.00,38.39
14.633,-36.78,-10.93,38.37
14.667,-36.79,-10.83,38.35
14.700,-36.82,-10.73,38.35
14.733,-36.81,-10.69,38.33
14.767,-36.85,-10.60,38.34
14.800,-36.92,-10.45,38.37
14.833,-36.98,-10.31,38.39
14.867,-36.97,-10.19,38.35
14.900,-36.98,-10.09,38.34
14.933,-37.04,-9.991,38.36
14.967,-37.08,-9.895,38.38
15.000,-37.10,-9.710,38.35
15.033,-37.14,-9.539,38.35
15.067,-37.19,-9.431,38.37
15.100,-37.30,-9.279,38.44
15.133,-37.36,-9.111,38.45
15.167,-37.42,-8.998,38.49
15.200,-37.47,-8.887,38.51
15.233,-37.53,-8.793,38.55
15.267,-37.59,-8.730,38.59
15.300,-37.58,-8.671,38.57
15.333,-37.62,-8.560,38.58
15.367,-37.67,-8.517,38.62
15.400,-37.70,-8.481,38.65
15.433,-37.80,-8.413,38.72
15.467,-37.86,-8.388,38.77
15.500,-37.88,-8.366,38.79
15.533,-37.89,-8.349,38.80
15.567,-37.97,-8.261,38.86
15.600,-38.02,-8.251,38.91
15.633,-38.03,-8.231,38.91
15.667,-38.03,-8.183,38.90
15.700,-38.12,-8.113,38.98
15.733,-38.17,-8.080,39.01
15.767,-38.20,-8.057,39.04
15.800,-38.22,-8.041,39.06
15.833,-38.23,-8.045,39.07
15.867,-38.31,-7.988,39.13
15.900,-38.34,-7.959,39.16
15.933,-38.36,-7.939,39.18
15.967,-38.37,-7.927,39.18
16.000,-38.38,-7.916,39.19
16.033,-38.33,-7.870,39.13
16.067,-38.30,-7.857,39.10
16.100,-38.31,-7.873,39.11
16.133,-38.31,-7.864,39.10
16.167,-38.31,-7.866,39.11
16.200,-38.31,-7.867,39.11
16.233,-38.31,-7.878,39.11
16.267,-38.30,-7.867,39.10
16.300,-38.28,-7.855,39.08
16.333,-38.29,-7.872,39.09
16.367,-38.30,-7.883,39.10
16.400,-38.31,-7.890,39.11
16.433,-38.31,-7.889,39.11
16.467,-38.31,-7.899,39.12
16.500,-38.32,-7.897,39.12
16.533,-38.33,-7.886,39.14
16.567,-38.33,-7.860,39.13
16.600,-38.35,-7.882,39.15
16.633,-38.34,-7.891,39.15
16.667,-38.34,-7.861,39.14
16.700,-38.34,-7.854,39.14
16.733,-38.34,-7.846,39.13
16.767,-38.35,-7.820,39.14
16.800,-38.34,-7.757,39.11
16.833,-38.34,-7.736,39.12
16.867,-38.35,-7.720,39.12
16.900,-38.35,-7.708,39.12
16.933,-38.35,-7.697,39.12
16.967,-38.34,-7.683,39.10
17.000,-38.34,-7.666,39.10
17.033,-38.33,-7.609,39.08
17.067,-38.32,-7.545,39.05
17.100,-38.32,-7.488,39.04
17.133,-38.32,-7.424,39.03
17.167,-38.33,-7.388,39.03
17.200,-38.33,-7.400,39.04
17.233,-38.30,-7.343,39.00
17.267,-38.20,-7.271,38.88
17.300,-38.19,-7.249,38.87
17.333,-38.19,-7.239,38.87
17.367,-38.18,-7.187,38.85
17.400,-38.18,-7.119,38.84
17.433,-38.18,-7.067,38.83
17.467,-38.18,-6.968,38.81
17.500,-38.18,-6.873,38.79
17.533,-38.16,-6.795,38.76
17.567,-38.16,-6.717,38.74
17.600,-38.15,-6.635,38.73
17.633,-38.15,-6.578,38.71
17.667,-38.15,-6.514,38.70
17.700,-38.16,-6.466,38.70
17.733,-38.17,-6.432,38.71
17.767,-38.18,-6.391,38.71
17.800,-38.23,-6.255,38.73
17.833,-38.27,-6.161,38.76
17.867,-38.28,-6.084,38.76
17.900,-38.31,-5.936,38.76
17.933,-38.29,-5.816,38.73
17.967,-38.30,-5.712,38.72
18.000,-38.31,-5.631,38.72
18.033,-38.33,-5.560,38.73
18.067,-38.32,-5.406,38.70
18.100,-38.38,-5.294,38.75
18.133,-38.44,-5.108,38.78
18.167,-38.48,-5.015,38.80
18.200,-38.48,-4.867,38.79
18.233,-38.49,-4.754,38.78
18.267,-38.49,-4.594,38.77
18.300,-38.50,-4.513,38.76
18.333,-38.49,-4.389,38.74
18.367,-38.46,-4.309,38.70
18.400,-38.45,-4.229,38.68
18.433,-38.45,-4.162,38.67
18.467,-38.46,-4.105,38.68
18.500,-38.46,-4.067,38.68
18.533,-38.51,-4.040,38.72
18.567,-38.50,-3.963,38.70
18.600,-38.49,-3.918,38.69
18.633,-38.47,-3.826,38.66
18.667,-38.45,-3.774,38.64
18.700,-38.44,-3.732,38.62
18.733,-38.41,-3.680,38.58
18.767,-38.39,-3.593,38.56
18.800,-38.36,-3.583,38.53
18.833,-38.34,-3.574,38.50
18.867,-38.32,-3.571,38.48
18.900,-38.30,-3.572,38.47
18.933,-38.30,-3.590,38.47
18.967,-38.30,-3.609,38.47
19.000,-38.28,-3.620,38.45
19.033,-38.29,-3.623,38.47
19.067,-38.29,-3.629,38.46
19.100,-38.29,-3.634,38.46
19.133,-38.29,-3.638,38.46
19.167,-38.29,-3.641,38.46
19.200,-38.27,-3.631,38.45
19.233,-38.27,-3.627,38.44
19.267,-38.26,-3.622,38.44
19.300,-38.26,-3.619,38.43
19.333,-38.22,-3.528,38.38
19.367,-38.20,-3.467,38.35
19.400,-38.18,-3.438,38.33
19.433,-38.13,-3.400,38.28
19.467,-38.15,-3.324,38.29
19.500,-38.08,-3.191,38.21
19.533,-38.05,-3.133,38.18
19.567,-38.04,-3.123,38.17
19.600,-38.01,-3.098,38.14
19.633,-37.93,-3.076,38.06
19.667,-37.96,-3.021,38.08
19.700,-37.98,-2.983,38.09
19.733,-37.89,-2.897,38.00
19.767,-37.85,-2.853,37.96
19.800,-37.84,-2.825,37.94
19.833,-37.83,-2.804,37.93
19.867,-37.75,-2.718,37.85
19.900,-37.73,-2.691,37.82
19.933,-37.71,-2.657,37.80
19.967,-37.69,-2.632,37.79
20.000,-37.67,-2.620,37.77
20.033,-37.60,-2.553,37.69
20.067,-37.56,-2.553,37.65
20.100,-37.54,-2.552,37.62
20.133,-37.51,-2.547,37.60
20.167,-37.49,-2.540,37.58
20.200,-37.46,-2.553,37.54
20.233,-37.48,-2.532,37.56
20.267,-37.50,-2.515,37.58
20.300,-37.51,-2.502,37.59
20.333,-37.51,-2.499,37.60
20.367,-37.52,-2.504,37.60
20.400,-37.51,-2.505,37.59
20.433,-37.50,-2.504,37.59
20.467,-37.50,-2.497,37.58
20.500,-37.51,-2.503,37.59
20.533,-37.50,-2.490,37.59
20.567,-37.51,-2.484,37.59
20.600,-37.51,-2.487,37.60
20.633,-37.52,-2.492,37.60
20.667,-37.51,-2.506,37.59
20.700,-37.51,-2.510,37.60
20.733,-37.51,-2.517,37.59
20.767,-37.51,-2.518,37.60
20.800,-37.52,-2.495,37.60
20.833,-37.52,-2.501,37.61
20.867,-37.53,-2.493,37.61
20.900,-37.53,-2.496,37.61
20.933,-37.51,-2.494,37.59
20.967,-37.52,-2.496,37.60
21.000,-37.51,-2.499,37.60
21.033,-37.51,-2.501,37.60
21.067,-37.52,-2.501,37.60
21.100,-37.52,-2.493,37.60
21.133,-37.51,-2.488,37.60
21.167,-37.52,-2.491,37.60
21.200,-37.52,-2.478,37.60
21.233,-37.52,-2.470,37.60
21.267,-37.52,-2.475,37.60
21.300,-37.52,-2.468,37.60
21.333,-37.51,-2.473,37.60
21.367,-37.51,-2.478,37.59
21.400,-37.51,-2.483,37.59
21.433,-37.51,-2.485,37.59
21.467,-37.51,-2.487,37.59
21.500,-37.51,-2.486,37.59
21.533,-37.41,-2.416,37.49
21.567,-37.38,-2.383,37.45
21.600,-37.37,-2.368,37.44
21.633,-37.36,-2.362,37.44
21.667,-37.35,-2.358,37.43
21.700,-37.35,-2.355,37.42
21.733,-37.34,-2.347,37.41
21.767,-37.33,-2.337,37.40
21.800,-37.24,-2.265,37.31
21.833,-37.21,-2.242,37.27
21.867,-37.19,-2.226,37.25
21.900,-37.17,-2.213,37.24
21.933,-37.18,-2.198,37.24
21.967,-37.19,-2.189,37.25
22.000,-37.20,-2.172,37.26
22.033,-37.20,-2.160,37.27
22.067,-37.21,-2.167,37.27
22.100,-37.21,-2.172,37.27
22.133,-37.21,-2.166,37.27
22.167,-37.21,-2.164,37.28
22.200,-37.21,-2.168,37.28
22.233,-37.21,-2.172,37.27
22.267,-37.21,-2.175,37.27
22.300,-37.22,-2.148,37.28
22.333,-37.15,-2.138,37.21
22.367,-37.17,-2.091,37.23
22.400,-37.18,-2.062,37.24
22.433,-37.19,-2.046,37.25
22.467,-37.20,-2.038,37.25
22.500,-37.20,-2.035,37.26
22.533,-37.21,-2.029,37.26
22.567,-37.21,-2.024,37.27
22.600,-37.21,-2.026,37.27
22.633,-37.22,-2.017,37.28
22.667,-37.22,-2.022,37.27
22.700,-37.22,-2.025,37.27
22.733,-37.21,-2.027,37.27
22.767,-37.21,-2.028,37.27
22.800,-37.22,-2.024,37.27
22.833,-37.22,-2.020,37.27
22.867,-37.21,-2.023,37.27
22.900,-37.22,-2.013,37.27
22.933,-37.22,-2.011,37.28
22.967,-37.22,-2.013,37.27
23.000,-37.22,-2.017,37.27
23.033,-37.21,-2.020,37.27
23.067,-37.21,-2.022,37.27
23.100,-37.21,-2.023,37.27
23.133,-37.21,-2.023,37.27
23.167,-37.21,-2.024,37.27
23.200,-37.22,-2.021,37.27
23.233,-37.23,-2.013,37.28
23.267,-37.22,-2.017,37.28
23.300,-37.22,-2.020,37.28
23.333,-37.22,-2.018,37.28
23.367,-37.22,-2.020,37.28
23.400,-37.22,-2.022,37.27
23.433,-37.22,-2.022,37.27
23.467,-37.23,-2.023,37.28
23.500,-37.24,-2.023,37.29
23.533,-37.23,-2.027,37.29
23.567,-37.23,-2.030,37.29
23.600,-37.23,-2.031,37.29
23.633,-37.23,-2.026,37.29
23.667,-37.24,-2.025,37.29
23.700,-37.24,-2.024,37.29
23.733,-37.25,-2.014,37.30
23.767,-37.25,-2.004,37.31
23.800,-37.25,-2.001,37.30
23.833,-37.24,-1.999,37.29
23.867,-37.25,-1.985,37.30
23.900,-37.21,-1.969,37.26
23.933,-37.23,-1.920,37.28
23.967,-37.24,-1.886,37.29
24.000,-37.23,-1.870,37.28
24.033,-37.23,-1.857,37.27
24.067,-37.22,-1.846,37.27
24.100,-37.22,-1.839,37.27
24.133,-37.22,-1.827,37.26
24.167,-37.19,-1.796,37.23
24.200,-37.20,-1.760,37.24
24.233,-37.22,-1.674,37.26
24.267,-37.21,-1.606,37.25
24.300,-37.23,-1.520,37.26
24.333,-37.21,-1.484,37.24
24.367,-37.21,-1.417,37.24
24.400,-37.21,-1.371,37.24
24.433,-37.16,-1.312,37.18
24.467,-37.17,-1.250,37.19
24.500,-37.18,-1.210,37.20
24.533,-37.18,-1.215,37.20
24.567,-37.19,-1.221,37.21
24.600,-37.20,-1.226,37.22
24.633,-37.20,-1.231,37.22
24.667,-37.21,-1.226,37.23
24.700,-37.21,-1.217,37.23
24.733,-37.21,-1.223,37.23
24.767,-37.21,-1.227,37.23
24.800,-37.21,-1.224,37.23
24.833,-37.20,-1.184,37.22
24.867,-37.21,-1.130,37.23
24.900,-37.22,-1.102,37.24
24.933,-37.22,-1.097,37.24
24.967,-37.22,-1.094,37.23
25.000,-37.22,-1.089,37.24
25.033,-37.22,-1.089,37.24
25.067,-37.22,-1.088,37.24
25.100,-37.22,-1.088,37.23
25.133,-37.22,-1.087,37.23
25.167,-37.22,-1.079,37.24
25.200,-37.22,-1.076,37.24
25.233,-37.22,-1.073,37.24
25.267,-37.22,-1.072,37.24
25.300,-37.24,-1.060,37.25
25.333,-37.25,-1.054,37.27
25.367,-37.24,-1.060,37.26
25.400,-37.24,-1.065,37.25
25.433,-37.24,-1.050,37.25
25.467,-37.23,-1.056,37.25
25.500,-37.23,-1.064,37.25
25.533,-37.23,-1.068,37.24
25.567,-37.23,-1.054,37.25
25.600,-37.23,-1.041,37.25
25.633,-37.21,-1.027,37.22
25.667,-37.21,-0.982,37.22
25.700,-37.21,-0.963,37.22
25.733,-37.21,-0.953,37.22
25.767,-37.21,-0.942,37.22
25.800,-37.21,-0.933,37.22
25.833,-37.21,-0.911,37.22
25.867,-37.21,-0.913,37.22
25.900,-37.21,-0.915,37.22
25.933,-37.21,-0.915,37.22
25.967,-37.21,-0.917,37.22
26.000,-37.21,-0.918,37.23
26.033,-37.21,-0.919,37.23
26.067,-37.22,-0.919,37.23
26.100,-37.22,-0.920,37.23
26.133,-37.21,-0.921,37.23
26.167,-37.21,-0.922,37.23
26.200,-37.21,-0.922,37.22
26.233,-37.22,-0.916,37.23
26.267,-37.23,-0.914,37.24
26.300,-37.22,-0.914,37.24
26.333,-37.22,-0.914,37.23
26.367,-37.21,-0.926,37.22
26.400,-37.21,-0.924,37.22
26.433,-37.21,-0.925,37.22
26.467,-37.21,-0.924,37.22
26.500,-37.21,-0.925,37.22
26.533,-37.20,-0.926,37.22
26.567,-37.20,-0.926,37.21
26.600,-37.20,-0.928,37.21
26.633,-37.20,-0.928,37.21
26.667,-37.20,-0.927,37.22
26.700,-37.21,-0.927,37.22
26.733,-37.21,-0.926,37.22
26.767,-37.21,-0.923,37.22
26.800,-37.21,-0.924,37.22
26.833,-37.21,-0.924,37.22
26.867,-37.21,-0.924,37.22
26.900,-37.21,-0.921,37.22
26.933,-37.24,-0.898,37.25
26.967,-37.25,-0.884,37.26
27.000,-37.26,-0.880,37.27
27.033,-37.25,-0.881,37.26
27.067,-37.24,-0.889,37.25
27.100,-37.24,-0.888,37.25
27.133,-37.23,-0.895,37.24
27.167,-37.23,-0.901,37.24
27.200,-37.21,-0.909,37.22
27.233,-37.21,-0.914,37.22
27.267,-37.21,-0.916,37.22
27.300,-37.19,-0.932,37.20
27.333,-37.17,-0.944,37.18
27.367,-37.18,-0.940,37.19
27.400,-37.18,-0.937,37.19
27.433,-37.18,-0.938,37.20
27.467,-37.19,-0.936,37.20
27.500,-37.19,-0.937,37.20
27.533,-37.20,-0.933,37.21
27.567,-37.20,-0.939,37.21
27.600,-37.20,-0.940,37.21
27.633,-37.20,-0.941,37.21
27.667,-37.20,-0.938,37.21
27.700,-37.20,-0.945,37.21
27.733,-37.20,-0.952,37.21
27.767,-37.20,-0.950,37.21
27.800,-37.20,-0.949,37.22
27.833,-37.20,-0.953,37.22
27.867,-37.20,-0.957,37.22
27.900,-37.20,-0.961,37.22
27.933,-37.21,-0.956,37.22
27.967,-37.20,-0.968,37.21
28.000,-37.20,-0.959,37.21
28.033,-37.20,-0.963,37.21
28.067,-37.20,-0.956,37.22
28.100,-37.20,-0.958,37.21
28.133,-37.19,-0.959,37.21
28.167,-37.20,-0.956,37.21
28.200,-37.20,-0.955,37.21
28.233,-37.19,-0.949,37.21
28.267,-37.19,-0.946,37.21
28.300,-37.19,-0.947,37.20
28.333,-37.18,-0.948,37.19
28.367,-37.18,-0.950,37.19
28.400,-37.19,-0.948,37.20
28.433,-37.18,-0.952,37.19
28.467,-37.19,-0.946,37.20
28.500,-37.20,-0.949,37.21
28.533,-37.20,-0.952,37.21
28.567,-37.20,-0.955,37.21
28.600,-37.20,-0.953,37.21
28.633,-37.23,-0.941,37.24
28.667,-37.20,-0.940,37.21
28.700,-37.20,-0.940,37.22
28.733,-37.21,-0.938,37.22
28.767,-37.21,-0.937,37.22
28.800,-37.21,-0.936,37.22
28.833,-37.20,-0.938,37.22
28.867,-37.21,-0.935,37.22
28.900,-37.20,-0.933,37.21
28.933,-37.19,-0.933,37.20
28.967,-37.19,-0.929,37.20
29.000,-37.19,-0.925,37.20
29.033,-37.19,-0.919,37.20
29.067,-37.20,-0.915,37.21
29.100,-37.19,-0.908,37.20
29.133,-37.19,-0.902,37.20
29.167,-37.19,-0.903,37.20
29.200,-37.19,-0.904,37.20
29.233,-37.19,-0.903,37.20
29.267,-37.19,-0.904,37.20
29.300,-37.19,-0.909,37.20
29.333,-37.20,-0.912,37.21
29.367,-37.20,-0.916,37.21
29.400,-37.20,-0.918,37.21
29.433,-37.20,-0.918,37.21
29.467,-37.20,-0.927,37.21
29.500,-37.20,-0.925,37.21
29.533,-37.20,-0.925,37.22
29.567,-37.21,-0.925,37.22
29.600,-37.21,-0.924,37.22
29.633,-37.21,-0.925,37.22
29.667,-37.21,-0.924,37.22
29.700,-37.21,-0.922,37.22
29.733,-37.21,-0.919,37.22
29.767,-37.21,-0.920,37.22
29.800,-37.21,-0.920,37.22
29.833,-37.20,-0.915,37.21
29.867,-37.19,-0.909,37.20
29.900,-37.19,-0.906,37.20
29.933,-37.19,-0.903,37.20
29.967,-37.19,-0.909,37.20
30.000,-37.18,-0.912,37.19
