0.000,-41.33,-35.79,54.68
0.033,-41.23,-35.80,54.60
0.067,-41.09,-35.98,54.61
0.100,-41.02,-36.00,54.57
0.133,-40.90,-36.00,54.49
0.167,-40.64,-36.15,54.39
0.200,-40.40,-36.21,54.26
0.233,-40.28,-36.40,54.29
0.267,-40.30,-36.48,54.36
0.300,-40.23,-36.47,54.30
0.333,-40.13,-36.60,54.31
0.367,-40.07,-36.59,54.26
0.400,-39.96,-36.65,54.23
0.433,-39.82,-36.65,54.12
0.467,-39.69,-36.61,54.00
0.500,-39.45,-36.74,53.91
0.533,-39.28,-36.62,53.70
0.567,-39.10,-36.67,53.60
0.600,-39.07,-36.59,53.53
0.633,-38.93,-36.48,53.35
0.667,-38.66,-36.47,53.14
0.700,-38.40,-36.37,52.89
0.733,-38.20,-36.35,52.73
0.767,-38.13,-36.33,52.67
0.800,-37.99,-36.28,52.53
0.833,-37.88,-36.34,52.49
0.867,-37.79,-36.25,52.37
0.900,-37.66,-36.27,52.28
0.933,-37.45,-36.23,52.10
0.967,-37.20,-36.29,51.97
1.000,-37.07,-36.33,51.90
1.033,-37.01,-36.32,51.85
1.067,-36.88,-36.42,51.84
1.100,-36.79,-36.45,51.79
1.133,-36.62,-36.46,51.68
1.167,-36.35,-36.45,51.47
1.200,-36.23,-36.48,51.41
1.233,-36.02,-36.57,51.33
1.267,-35.95,-36.53,51.25
1.300,-35.88,-36.52,51.20
1.333,-35.75,-36.54,51.12
1.367,-35.62,-36.52,51.01
1.400,-35.36,-36.46,50.79
1.433,-35.05,-36.38,50.52
1.467,-34.81,-36.45,50.40
1.500,-34.66,-36.46,50.30
1.533,-34.55,-36.46,50.23
1.567,-34.45,-36.52,50.21
1.600,-34.27,-36.39,49.99
1.633,-34.07,-36.39,49.85
1.667,-33.85,-36.39,49.70
1.700,-33.71,-36.42,49.63
1.733,-33.58,-36.48,49.58
1.767,-33.45,-36.50,49.51
1.800,-33.33,-36.48,49.42
1.833,-33.17,-36.37,49.22
1.867,-32.96,-36.30,49.03
1.900,-32.78,-36.30,48.91
1.933,-32.57,-36.22,48.71
1.967,-32.46,-36.23,48.64
2.000,-32.50,-36.24,48.67
2.033,-32.47,-36.27,48.68
2.067,-32.44,-36.32,48.70
2.100,-32.45,-36.31,48.69
2.133,-32.45,-36.31,48.70
2.167,-32.40,-36.40,48.73
2.200,-32.26,-36.51,48.72
2.233,-32.12,-36.58,48.69
2.267,-31.90,-36.73,48.65
2.300,-31.70,-36.86,48.62
2.333,-31.65,-36.88,48.59
2.367,-31.51,-37.03,48.62
2.400,-31.46,-37.04,48.60
2.433,-31.47,-37.04,48.61
2.467,-31.47,-37.05,48.61
2.500,-31.45,-37.01,48.56
2.533,-31.37,-37.03,48.54
2.567,-31.33,-37.03,48.51
2.600,-31.22,-37.13,48.51
2.633,-31.02,-37.18,48.42
2.667,-30.94,-37.27,48.44
2.700,-30.77,-37.32,48.37
2.733,-30.70,-37.36,48.35
2.767,-30.56,-37.49,48.37
2.800,-30.48,-37.51,48.33
2.833,-30.32,-37.51,48.23
2.867,-30.25,-37.54,48.22
2.900,-30.22,-37.55,48.20
2.933,-30.25,-37.59,48.25
2.967,-30.27,-37.59,48.26
3.000,-30.27,-37.58,48.25
3.033,-30.25,-37.53,48.21
3.067,-30.20,-37.50,48.15
3.100,-30.17,-37.51,48.14
3.133,-30.13,-37.48,48.09
3.167,-30.12,-37.50,48.09
3.200,-30.11,-37.50,48.09
3.233,-30.10,-37.50,48.08
3.267,-30.09,-37.50,48.08
3.300,-30.09,-37.50,48.08
3.333,-30.09,-37.50,48.08
3.367,-30.09,-37.50,48.08
3.400,-30.09,-37.51,48.08
3.433,-30.09,-37.51,48.09
3.467,-30.09,-37.51,48.09
3.500,-30.10,-37.52,48.10
3.533,-30.10,-37.52,48.10
3.567,-30.10,-37.52,48.10
3.600,-30.07,-37.48,48.06
3.633,-30.05,-37.49,48.04
3.667,-30.06,-37.50,48.06
3.700,-30.06,-37.50,48.06
3.733,-30.07,-37.50,48.07
3.767,-30.07,-37.50,48.07
3.800,-30.08,-37.51,48.08
3.833,-30.08,-37.51,48.08
3.867,-30.08,-37.51,48.08
3.900,-30.08,-37.51,48.08
3.933,-30.09,-37.51,48.08
3.967,-30.09,-37.51,48.08
4.000,-30.09,-37.52,48.09
4.033,-30.09,-37.53,48.10
4.067,-30.09,-37.53,48.10
4.100,-30.09,-37.54,48.11
4.133,-30.08,-37.56,48.12
4.167,-30.07,-37.57,48.12
4.200,-30.05,-37.58,48.12
4.233,-30.06,-37.58,48.12
4.267,-30.06,-37.56,48.11
4.300,-30.06,-37.54,48.09
4.333,-30.06,-37.53,48.09
4.367,-30.07,-37.52,48.08
4.400,-30.06,-37.52,48.08
4.433,-30.06,-37.52,48.08
4.467,-30.06,-37.53,48.08
4.500,-30.06,-37.53,48.09
4.533,-30.03,-37.52,48.06
4.567,-30.00,-37.54,48.05
4.600,-29.93,-37.53,48.00
4.633,-29.89,-37.52,47.97
4.667,-29.86,-37.52,47.95
4.700,-29.84,-37.54,47.96
4.733,-29.81,-37.56,47.95
4.767,-29.78,-37.56,47.94
4.800,-29.76,-37.58,47.94
4.833,-29.76,-37.59,47.95
4.867,-29.69,-37.64,47.94
4.900,-29.66,-37.66,47.94
4.933,-29.64,-37.70,47.96
4.967,-29.64,-37.73,47.98
5.000,-29.64,-37.75,47.99
5.033,-29.58,-37.77,47.98
5.067,-29.62,-37.84,48.05
5.100,-29.62,-37.85,48.06
5.133,-29.64,-37.87,48.09
5.167,-29.65,-37.88,48.11
5.200,-29.65,-37.88,48.11
5.233,-29.65,-37.89,48.11
5.267,-29.64,-37.89,48.11
5.300,-29.65,-37.90,48.12
5.333,-29.65,-37.90,48.12
5.367,-29.64,-37.89,48.10
5.400,-29.63,-37.89,48.10
5.433,-29.63,-37.88,48.10
5.467,-29.64,-37.88,48.10
5.500,-29.64,-37.88,48.09
5.533,-29.64,-37.88,48.10
5.567,-29.64,-37.88,48.09
5.600,-29.69,-37.88,48.13
5.633,-29.69,-37.88,48.13
5.667,-29.68,-37.88,48.12
5.700,-29.66,-37.87,48.11
5.733,-29.65,-37.87,48.10
5.767,-29.65,-37.87,48.09
5.800,-29.64,-37.87,48.09
5.833,-29.64,-37.87,48.09
5.867,-29.64,-37.87,48.08
5.900,-29.62,-37.86,48.07
5.933,-29.62,-37.86,48.08
5.967,-29.63,-37.86,48.08
6.000,-29.63,-37.87,48.08
6.033,-29.63,-37.87,48.09
6.067,-29.63,-37.87,48.09
6.100,-29.63,-37.87,48.09
6.133,-29.63,-37.87,48.08
6.167,-29.63,-37.86,48.08
6.200,-29.63,-37.86,48.07
6.233,-29.63,-37.86,48.07
6.267,-29.62,-37.86,48.07
6.300,-29.63,-37.84,48.06
6.333,-29.63,-37.85,48.07
6.367,-29.63,-37.85,48.07
6.400,-29.64,-37.85,48.07
6.433,-29.65,-37.84,48.08
6.467,-29.67,-37.82,48.07
6.500,-29.66,-37.83,48.08
6.533,-29.68,-37.85,48.10
6.567,-29.67,-37.85,48.10
6.600,-29.67,-37.85,48.09
6.633,-29.66,-37.85,48.09
6.667,-29.65,-37.86,48.09
6.700,-29.66,-37.86,48.09
6.733,-29.68,-37.87,48.11
6.767,-29.66,-37.86,48.10
6.800,-29.68,-37.87,48.11
6.833,-29.65,-37.87,48.10
6.867,-29.66,-37.89,48.11
6.900,-29.65,-37.90,48.12
6.933,-29.65,-37.90,48.11
6.967,-29.64,-37.89,48.11
7.000,-29.64,-37.88,48.10
7.033,-29.64,-37.88,48.09
7.067,-29.63,-37.87,48.09
7.100,-29.63,-37.88,48.10
7.133,-29.63,-37.88,48.09
7.167,-29.63,-37.87,48.09
7.200,-29.64,-37.88,48.10
7.233,-29.65,-37.89,48.11
7.267,-29.64,-37.89,48.11
7.300,-29.64,-37.90,48.11
7.333,-29.64,-37.89,48.10
7.367,-29.62,-37.86,48.07
7.400,-29.62,-37.86,48.07
7.433,-29.63,-37.86,48.07
7.467,-29.63,-37.86,48.07
7.500,-29.63,-37.86,48.07
7.533,-29.62,-37.85,48.07
7.567,-29.63,-37.85,48.07
7.600,-29.63,-37.85,48.06
7.633,-29.62,-37.85,48.06
7.667,-29.63,-37.85,48.06
7.700,-29.63,-37.85,48.07
7.733,-29.63,-37.85,48.06
7.767,-29.63,-37.84,48.05
7.800,-29.63,-37.84,48.06
7.833,-29.63,-37.84,48.06
7.867,-29.62,-37.83,48.05
7.900,-29.63,-37.82,48.04
7.933,-29.63,-37.83,48.05
7.967,-29.63,-37.84,48.06
8.000,-29.65,-37.83,48.07
8.033,-29.65,-37.84,48.07
8.067,-29.65,-37.84,48.07
8.100,-29.65,-37.85,48.08
8.133,-29.64,-37.85,48.08
8.167,-29.64,-37.85,48.08
8.200,-29.64,-37.85,48.08
8.233,-29.63,-37.85,48.07
8.267,-29.64,-37.85,48.07
8.300,-29.64,-37.85,48.07
8.333,-29.65,-37.85,48.08
8.367,-29.66,-37.86,48.09
8.400,-29.66,-37.86,48.10
8.433,-29.66,-37.86,48.10
8.467,-29.66,-37.86,48.10
8.500,-29.66,-37.87,48.11
8.533,-29.67,-37.88,48.11
8.567,-29.66,-37.88,48.11
8.600,-29.66,-37.87,48.10
8.633,-29.66,-37.88,48.11
8.667,-29.65,-37.88,48.11
8.700,-29.65,-37.88,48.10
8.733,-29.65,-37.87,48.10
8.767,-29.64,-37.87,48.09
8.800,-29.64,-37.87,48.09
8.833,-29.65,-37.88,48.11
8.867,-29.66,-37.89,48.12
8.900,-29.65,-37.88,48.10
8.933,-29.64,-37.88,48.09
8.967,-29.64,-37.88,48.10
9.000,-29.64,-37.88,48.10
9.033,-29.64,-37.87,48.09
9.067,-29.64,-37.87,48.09
9.100,-29.64,-37.86,48.08
9.133,-29.63,-37.86,48.08
9.167,-29.63,-37.86,48.07
9.200,-29.62,-37.85,48.07
9.233,-29.63,-37.86,48.07
9.267,-29.63,-37.86,48.08
9.300,-29.63,-37.85,48.07
9.333,-29.63,-37.85,48.07
9.367,-29.64,-37.85,48.07
9.400,-29.64,-37.85,48.08
9.433,-29.63,-37.85,48.07
9.467,-29.63,-37.84,48.06
9.500,-29.63,-37.84,48.06
9.533,-29.63,-37.84,48.06
9.567,-29.63,-37.84,48.06
9.600,-29.63,-37.85,48.07
9.633,-29.64,-37.85,48.07
9.667,-29.64,-37.85,48.07
9.700,-29.65,-37.85,48.08
9.733,-29.65,-37.85,48.08
9.767,-29.66,-37.85,48.08
9.800,-29.66,-37.85,48.08
9.833,-29.65,-37.85,48.08
9.867,-29.65,-37.85,48.08
9.900,-29.65,-37.85,48.08
9.933,-29.66,-37.85,48.08
9.967,-29.67,-37.86,48.10
10.000,-29.68,-37.87,48.11
10.033,-29.68,-37.88,48.12
10.067,-29.67,-37.88,48.12
10.100,-29.67,-37.88,48.11
10.133,-29.66,-37.88,48.11
10.167,-29.65,-37.88,48.11
10.200,-29.65,-37.87,48.10
10.233,-29.65,-37.88,48.10
10.267,-29.64,-37.87,48.10
10.300,-29.64,-37.87,48.09
10.333,-29.64,-37.87,48.09
10.367,-29.64,-37.86,48.08
10.400,-29.64,-37.86,48.08
10.433,-29.64,-37.86,48.08
10.467,-29.64,-37.86,48.08
10.500,-29.64,-37.86,48.08
10.533,-29.64,-37.86,48.08
10.567,-29.64,-37.86,48.08
10.600,-29.64,-37.86,48.08
10.633,-29.63,-37.86,48.08
10.667,-29.63,-37.86,48.08
10.700,-29.63,-37.86,48.08
10.733,-29.64,-37.86,48.08
10.767,-29.63,-37.86,48.08
10.800,-29.63,-37.86,48.08
10.833,-29.63,-37.86,48.08
10.867,-29.63,-37.86,48.08
10.900,-29.63,-37.86,48.07
10.933,-29.62,-37.85,48.07
10.967,-29.62,-37.85,48.07
11.000,-29.63,-37.85,48.07
11.033,-29.62,-37.84,48.06
11.067,-29.62,-37.85,48.06
11.100,-29.63,-37.84,48.06
11.133,-29.63,-37.84,48.06
11.167,-29.63,-37.84,48.06
11.200,-29.63,-37.84,48.06
11.233,-29.63,-37.84,48.06
11.267,-29.63,-37.84,48.06
11.300,-29.64,-37.84,48.07
11.333,-29.64,-37.84,48.07
11.367,-29.66,-37.83,48.07
11.400,-29.67,-37.83,48.07
11.433,-29.66,-37.83,48.07
11.467,-29.65,-37.84,48.07
11.500,-29.65,-37.84,48.07
11.533,-29.65,-37.84,48.07
11.567,-29.66,-37.85,48.09
11.600,-29.65,-37.85,48.08
11.633,-29.67,-37.86,48.10
11.667,-29.66,-37.85,48.08
11.700,-29.67,-37.88,48.12
11.733,-29.67,-37.88,48.12
11.767,-29.66,-37.88,48.11
11.800,-29.66,-37.88,48.11
11.833,-29.66,-37.88,48.11
11.867,-29.66,-37.89,48.12
11.900,-29.66,-37.89,48.11
11.933,-29.65,-37.88,48.11
11.967,-29.65,-37.88,48.10
12.000,-29.65,-37.87,48.10
12.033,-29.65,-37.87,48.09
12.067,-29.65,-37.87,48.09
12.100,-29.64,-37.87,48.09
12.133,-29.65,-37.87,48.09
12.167,-29.65,-37.87,48.09
12.200,-29.65,-37.87,48.10
12.233,-29.64,-37.87,48.09
12.267,-29.64,-37.87,48.09
12.300,-29.64,-37.87,48.09
12.333,-29.64,-37.87,48.09
12.367,-29.63,-37.86,48.08
12.400,-29.62,-37.86,48.07
12.433,-29.61,-37.85,48.05
12.467,-29.60,-37.84,48.04
12.500,-29.61,-37.84,48.05
12.533,-29.62,-37.85,48.06
12.567,-29.63,-37.84,48.06
12.600,-29.63,-37.84,48.06
12.633,-29.63,-37.84,48.06
12.667,-29.63,-37.83,48.06
12.700,-29.63,-37.82,48.05
12.733,-29.63,-37.83,48.06
12.767,-29.63,-37.83,48.05
12.800,-29.64,-37.82,48.05
12.833,-29.64,-37.83,48.05
12.867,-29.64,-37.83,48.06
12.900,-29.65,-37.82,48.06
12.933,-29.65,-37.82,48.06
12.967,-29.65,-37.83,48.06
13.000,-29.64,-37.83,48.06
13.033,-29.65,-37.85,48.08
13.067,-29.64,-37.85,48.08
13.100,-29.64,-37.85,48.08
13.133,-29.64,-37.85,48.08
13.167,-29.64,-37.85,48.08
13.200,-29.64,-37.85,48.08
13.233,-29.64,-37.85,48.08
13.267,-29.65,-37.85,48.08
13.300,-29.64,-37.86,48.08
13.333,-29.65,-37.87,48.09
13.367,-29.65,-37.88,48.10
13.400,-29.65,-37.87,48.10
13.433,-29.65,-37.88,48.11
13.467,-29.65,-37.88,48.10
13.500,-29.64,-37.87,48.09
13.533,-29.64,-37.89,48.10
13.567,-29.65,-37.89,48.11
13.600,-29.64,-37.88,48.10
13.633,-29.64,-37.87,48.09
13.667,-29.64,-37.87,48.09
13.700,-29.64,-37.87,48.09
13.733,-29.64,-37.87,48.09
13.767,-29.64,-37.87,48.09
13.800,-29.64,-37.87,48.09
13.833,-29.64,-37.87,48.09
13.867,-29.64,-37.87,48.09
13.900,-29.64,-37.87,48.09
13.933,-29.64,-37.87,48.09
13.967,-29.64,-37.87,48.09
14.000,-29.64,-37.86,48.08
14.033,-29.64,-37.86,48.08
14.067,-29.64,-37.86,48.08
14.100,-29.64,-37.87,48.09
14.133,-29.64,-37.87,48.09
14.167,-29.64,-37.87,48.09
14.200,-29.64,-37.87,48.09
14.233,-29.64,-37.87,48.09
14.267,-29.63,-37.87,48.08
14.300,-29.63,-37.86,48.08
14.333,-29.63,-37.86,48.08
14.367,-29.63,-37.86,48.08
14.400,-29.63,-37.86,48.08
14.433,-29.63,-37.86,48.08
14.467,-29.63,-37.86,48.08
14.500,-29.63,-37.86,48.08
14.533,-29.63,-37.86,48.07
14.567,-29.62,-37.85,48.06
14.600,-29.62,-37.85,48.07
14.633,-29.62,-37.85,48.06
14.667,-29.61,-37.84,48.05
14.700,-29.61,-37.85,48.06
14.733,-29.62,-37.85,48.06
14.767,-29.62,-37.85,48.07
14.800,-29.63,-37.85,48.07
14.833,-29.64,-37.84,48.07
14.867,-29.64,-37.84,48.07
14.900,-29.64,-37.84,48.07
14.933,-29.64,-37.84,48.07
14.967,-29.64,-37.83,48.06
15.000,-29.64,-37.83,48.06
15.033,-29.64,-37.83,48.06
15.067,-29.64,-37.83,48.06
15.100,-29.64,-37.84,48.06
15.133,-29.64,-37.84,48.07
15.167,-29.64,-37.84,48.07
15.200,-29.63,-37.84,48.07
15.233,-29.63,-37.84,48.07
15.267,-29.63,-37.85,48.07
15.300,-29.64,-37.86,48.08
15.333,-29.64,-37.86,48.09
15.367,-29.65,-37.87,48.10
15.400,-29.65,-37.87,48.09
15.433,-29.65,-37.87,48.09
15.467,-29.65,-37.87,48.09
15.500,-29.65,-37.87,48.09
15.533,-29.65,-37.87,48.09
15.567,-29.65,-37.87,48.09
15.600,-29.65,-37.87,48.10
15.633,-29.65,-37.87,48.10
15.667,-29.65,-37.87,48.10
15.700,-29.65,-37.87,48.10
15.733,-29.64,-37.87,48.09
15.767,-29.64,-37.87,48.09
15.800,-29.64,-37.87,48.09
15.833,-29.64,-37.87,48.09
15.867,-29.64,-37.87,48.09
15.900,-29.64,-37.86,48.09
15.933,-29.64,-37.86,48.09
15.967,-29.64,-37.87,48.09
16.000,-29.64,-37.86,48.08
16.033,-29.64,-37.86,48.08
16.067,-29.64,-37.86,48.08
16.100,-29.64,-37.86,48.08
16.133,-29.63,-37.85,48.07
16.167,-29.63,-37.85,48.07
16.200,-29.63,-37.85,48.07
16.233,-29.63,-37.85,48.06
16.267,-29.61,-37.84,48.05
16.300,-29.62,-37.83,48.05
16.333,-29.62,-37.83,48.05
16.367,-29.62,-37.84,48.05
16.400,-29.63,-37.84,48.05
16.433,-29.62,-37.82,48.04
16.467,-29.63,-37.82,48.04
16.500,-29.63,-37.82,48.05
16.533,-29.63,-37.82,48.05
16.567,-29.63,-37.83,48.05
16.600,-29.63,-37.83,48.06
16.633,-29.63,-37.84,48.06
16.667,-29.64,-37.83,48.06
16.700,-29.64,-37.83,48.06
16.733,-29.64,-37.84,48.06
16.767,-29.64,-37.85,48.07
16.800,-29.65,-37.85,48.08
16.833,-29.64,-37.85,48.08
16.867,-29.64,-37.85,48.08
16.900,-29.64,-37.85,48.08
16.933,-29.64,-37.85,48.08
16.967,-29.64,-37.86,48.08
17.000,-29.64,-37.87,48.09
17.033,-29.64,-37.86,48.09
17.067,-29.64,-37.87,48.09
17.100,-29.64,-37.88,48.10
17.133,-29.63,-37.89,48.10
17.167,-29.63,-37.88,48.09
17.200,-29.63,-37.88,48.09
17.233,-29.63,-37.88,48.09
17.267,-29.63,-37.87,48.09
17.300,-29.63,-37.87,48.09
17.333,-29.64,-37.87,48.09
17.367,-29.64,-37.87,48.09
17.400,-29.64,-37.87,48.09
17.433,-29.63,-37.87,48.08
17.467,-29.64,-37.87,48.09
17.500,-29.64,-37.88,48.09
17.533,-29.64,-37.88,48.10
17.567,-29.64,-37.88,48.10
17.600,-29.64,-37.88,48.10
17.633,-29.64,-37.88,48.10
17.667,-29.64,-37.87,48.09
17.700,-29.64,-37.87,48.09
17.733,-29.64,-37.87,48.09
17.767,-29.64,-37.87,48.09
17.800,-29.64,-37.87,48.09
17.833,-29.64,-37.87,48.09
17.867,-29.64,-37.87,48.09
17.900,-29.64,-37.87,48.09
17.933,-29.64,-37.87,48.10
17.967,-29.65,-37.88,48.10
18.000,-29.64,-37.88,48.10
18.033,-29.64,-37.87,48.09
18.067,-29.64,-37.87,48.09
18.100,-29.64,-37.87,48.09
18.133,-29.63,-37.87,48.09
18.167,-29.63,-37.87,48.09
18.200,-29.64,-37.87,48.09
18.233,-29.63,-37.87,48.09
18.267,-29.63,-37.87,48.08
18.300,-29.63,-37.87,48.08
18.333,-29.63,-37.86,48.08
18.367,-29.63,-37.86,48.08
18.400,-29.62,-37.85,48.07
18.433,-29.62,-37.85,48.06
18.467,-29.62,-37.85,48.06
18.500,-29.62,-37.85,48.06
18.533,-29.62,-37.84,48.05
18.567,-29.62,-37.84,48.06
18.600,-29.62,-37.84,48.06
18.633,-29.62,-37.83,48.05
18.667,-29.63,-37.84,48.06
18.700,-29.62,-37.84,48.06
18.733,-29.63,-37.84,48.06
18.767,-29.63,-37.85,48.06
18.800,-29.63,-37.85,48.07
18.833,-29.64,-37.85,48.07
18.867,-29.64,-37.85,48.07
18.900,-29.64,-37.84,48.07
18.933,-29.64,-37.84,48.07
18.967,-29.64,-37.84,48.07
19.000,-29.64,-37.84,48.06
19.033,-29.63,-37.84,48.06
19.067,-29.64,-37.84,48.07
19.100,-29.65,-37.84,48.07
19.133,-29.65,-37.84,48.07
19.167,-29.65,-37.84,48.07
19.200,-29.66,-37.85,48.09
19.233,-29.67,-37.85,48.09
19.267,-29.67,-37.86,48.10
19.300,-29.67,-37.86,48.10
19.333,-29.66,-37.86,48.10
19.367,-29.66,-37.87,48.10
19.400,-29.66,-37.87,48.11
19.433,-29.66,-37.87,48.11
19.467,-29.65,-37.87,48.10
19.500,-29.65,-37.87,48.10
19.533,-29.65,-37.87,48.10
19.567,-29.65,-37.87,48.09
19.600,-29.65,-37.87,48.09
19.633,-29.64,-37.87,48.09
19.667,-29.64,-37.87,48.09
19.700,-29.63,-37.86,48.08
19.733,-29.64,-37.88,48.10
19.767,-29.64,-37.88,48.10
19.800,-29.65,-37.87,48.10
19.833,-29.64,-37.87,48.09
19.867,-29.64,-37.87,48.09
19.900,-29.64,-37.87,48.09
19.933,-29.63,-37.87,48.08
19.967,-29.64,-37.87,48.09
20.000,-29.64,-37.87,48.09
20.033,-29.64,-37.87,48.09
20.067,-29.64,-37.87,48.09
20.100,-29.64,-37.87,48.09
20.133,-29.64,-37.86,48.08
20.167,-29.61,-37.85,48.06
20.200,-29.62,-37.85,48.06
20.233,-29.62,-37.85,48.06
20.267,-29.62,-37.84,48.05
20.300,-29.62,-37.84,48.05
20.333,-29.62,-37.83,48.05
20.367,-29.62,-37.82,48.04
20.400,-29.63,-37.82,48.04
20.433,-29.63,-37.80,48.03
20.467,-29.64,-37.79,48.02
20.500,-29.64,-37.78,48.01
20.533,-29.65,-37.78,48.02
20.567,-29.65,-37.75,48.00
20.600,-29.65,-37.69,47.96
20.633,-29.65,-37.67,47.94
20.667,-29.66,-37.65,47.93
20.700,-29.67,-37.64,47.93
20.733,-29.66,-37.65,47.92
20.767,-29.65,-37.65,47.92
20.800,-29.65,-37.65,47.92
20.833,-29.65,-37.64,47.91
20.867,-29.64,-37.65,47.91
20.900,-29.64,-37.63,47.90
20.933,-29.60,-37.61,47.86
20.967,-29.59,-37.55,47.81
21.000,-29.60,-37.52,47.79
21.033,-29.60,-37.50,47.78
21.067,-29.59,-37.51,47.78
21.100,-29.54,-37.45,47.70
21.133,-29.57,-37.39,47.67
21.167,-29.60,-37.35,47.66
21.200,-29.61,-37.34,47.65
21.233,-29.60,-37.30,47.62
21.267,-29.50,-37.26,47.53
21.300,-29.48,-37.22,47.48
21.333,-29.42,-37.19,47.42
21.367,-29.27,-37.13,47.28
21.400,-29.31,-37.03,47.23
21.433,-29.32,-37.01,47.22
21.467,-29.30,-37.00,47.20
21.500,-29.19,-36.94,47.08
21.533,-29.24,-36.91,47.09
21.567,-29.33,-36.76,47.02
21.600,-29.30,-36.63,46.91
21.633,-29.29,-36.45,46.76
21.667,-29.21,-36.25,46.55
21.700,-29.14,-36.27,46.53
21.733,-29.16,-36.19,46.47
21.767,-29.09,-36.13,46.38
21.800,-29.09,-36.10,46.37
21.833,-29.00,-35.99,46.22
21.867,-29.01,-35.91,46.17
21.900,-29.01,-35.87,46.14
21.933,-28.87,-35.79,45.99
21.967,-28.86,-35.79,45.98
22.000,-28.81,-35.82,45.96
22.033,-28.84,-35.76,45.94
22.067,-28.87,-35.76,45.96
22.100,-28.87,-35.73,45.94
22.133,-28.86,-35.68,45.89
22.167,-28.91,-35.68,45.93
22.200,-28.95,-35.62,45.90
22.233,-28.91,-35.54,45.81
22.267,-28.98,-35.46,45.79
22.300,-29.02,-35.44,45.80
22.333,-28.98,-35.46,45.80
22.367,-28.98,-35.46,45.79
22.400,-28.94,-35.44,45.75
22.433,-28.93,-35.44,45.75
22.467,-28.95,-35.45,45.76
22.500,-28.95,-35.45,45.77
22.533,-28.96,-35.43,45.76
22.567,-28.86,-35.33,45.62
22.600,-28.82,-35.27,45.55
22.633,-28.71,-35.20,45.42
22.667,-28.62,-35.19,45.36
22.700,-28.63,-35.20,45.38
22.733,-28.62,-35.16,45.34
22.767,-28.61,-35.14,45.31
22.800,-28.58,-35.12,45.28
22.833,-28.51,-35.12,45.23
22.867,-28.47,-35.12,45.21
22.900,-28.44,-35.13,45.20
22.933,-28.37,-35.10,45.13
22.967,-28.23,-35.09,45.04
23.000,-28.10,-35.09,44.96
23.033,-28.06,-35.02,44.88
23.067,-28.05,-35.00,44.85
23.100,-28.04,-34.99,44.83
23.133,-28.03,-34.99,44.83
23.167,-28.03,-34.99,44.83
23.200,-28.03,-34.98,44.83
23.233,-28.04,-34.98,44.83
23.267,-28.03,-34.95,44.80
23.300,-28.05,-34.92,44.79
23.333,-28.04,-34.85,44.73
23.367,-28.06,-34.78,44.68
23.400,-28.06,-34.75,44.66
23.433,-28.05,-34.69,44.61
23.467,-28.04,-34.64,44.57
23.500,-28.03,-34.60,44.53
23.533,-28.01,-34.51,44.45
23.567,-27.99,-34.44,44.38
23.600,-27.96,-34.37,44.31
23.633,-27.92,-34.28,44.21
23.667,-27.87,-34.10,44.04
23.700,-27.87,-34.02,43.98
23.733,-27.81,-33.95,43.88
23.767,-27.78,-33.76,43.72
23.800,-27.76,-33.71,43.67
23.833,-27.72,-33.64,43.59
23.867,-27.70,-33.58,43.53
23.900,-27.68,-33.54,43.48
23.933,-27.59,-33.44,43.36
23.967,-27.48,-33.39,43.24
24.000,-27.43,-33.28,43.12
24.033,-27.42,-33.19,43.06
24.067,-27.29,-33.13,42.93
24.100,-27.23,-33.09,42.86
24.133,-27.22,-33.06,42.83
24.167,-27.21,-33.04,42.80
24.200,-27.11,-32.97,42.68
24.233,-27.11,-32.89,42.62
24.267,-26.98,-32.81,42.48
24.300,-26.96,-32.74,42.41
24.333,-26.84,-32.64,42.26
24.367,-26.82,-32.58,42.20
24.400,-26.77,-32.49,42.09
24.433,-26.69,-32.31,41.91
24.467,-26.71,-32.27,41.89
24.500,-26.66,-32.15,41.76
24.533,-26.64,-32.10,41.72
24.567,-26.53,-32.06,41.61
24.600,-26.56,-31.96,41.55
24.633,-26.48,-31.85,41.42
24.667,-26.46,-31.72,41.31
24.700,-26.54,-31.66,41.31
24.733,-26.55,-31.58,41.26
24.767,-26.56,-31.43,41.15
24.800,-26.64,-31.31,41.11
24.833,-26.59,-31.26,41.04
24.867,-26.63,-31.16,40.99
24.900,-26.62,-31.04,40.90
24.933,-26.61,-30.98,40.84
24.967,-26.52,-30.86,40.69
25.000,-26.41,-30.79,40.57
25.033,-26.44,-30.72,40.53
25.067,-26.45,-30.70,40.52
25.100,-26.44,-30.61,40.45
25.133,-26.49,-30.52,40.41
25.167,-26.48,-30.39,40.31
25.200,-26.43,-30.30,40.21
25.233,-26.49,-30.21,40.18
25.267,-26.42,-30.14,40.08
25.300,-26.48,-30.05,40.05
25.333,-26.43,-29.98,39.96
25.367,-26.45,-29.94,39.95
25.400,-26.47,-29.90,39.93
25.433,-26.54,-29.92,40.00
25.467,-26.59,-29.85,39.98
25.500,-26.67,-29.79,39.98
25.533,-26.70,-29.80,40.01
25.567,-26.77,-29.76,40.03
25.600,-26.81,-29.74,40.04
25.633,-26.83,-29.72,40.04
25.667,-26.86,-29.77,40.09
25.700,-26.89,-29.78,40.12
25.733,-26.91,-29.78,40.14
25.767,-26.93,-29.79,40.15
25.800,-26.94,-29.78,40.15
25.833,-26.97,-29.77,40.17
25.867,-26.97,-29.76,40.17
25.900,-27.00,-29.76,40.18
25.933,-27.03,-29.82,40.25
25.967,-27.08,-29.81,40.28
26.000,-27.13,-29.81,40.31
26.033,-27.14,-29.80,40.30
26.067,-27.14,-29.79,40.30
26.100,-27.13,-29.81,40.30
26.133,-27.13,-29.81,40.30
26.167,-27.14,-29.81,40.31
26.200,-27.15,-29.81,40.32
26.233,-27.15,-29.81,40.32
26.267,-27.15,-29.81,40.32
26.300,-27.13,-29.81,40.31
26.333,-27.12,-29.81,40.30
26.367,-27.14,-29.82,40.32
26.400,-27.17,-29.81,40.33
26.433,-27.25,-29.82,40.40
26.467,-27.31,-29.83,40.44
26.500,-27.32,-29.82,40.44
26.533,-27.39,-29.84,40.50
26.567,-27.54,-29.84,40.60
26.600,-27.61,-29.83,40.64
26.633,-27.63,-29.84,40.66
26.667,-27.65,-29.81,40.66
26.700,-27.68,-29.81,40.68
26.733,-27.70,-29.83,40.71
26.767,-27.74,-29.85,40.75
26.800,-27.77,-29.89,40.80
26.833,-27.87,-29.85,40.84
26.867,-27.88,-29.83,40.83
26.900,-27.91,-29.82,40.84
26.933,-27.93,-29.80,40.84
26.967,-27.93,-29.78,40.82
27.000,-27.91,-29.77,40.81
27.033,-27.91,-29.78,40.81
27.067,-27.91,-29.78,40.81
27.100,-27.90,-29.77,40.80
27.133,-27.90,-29.77,40.80
27.167,-27.90,-29.76,40.79
27.200,-27.90,-29.75,40.79
27.233,-27.90,-29.75,40.78
27.267,-27.89,-29.76,40.78
27.300,-27.89,-29.76,40.78
27.333,-27.89,-29.76,40.79
27.367,-27.89,-29.77,40.79
27.400,-27.89,-29.77,40.79
27.433,-27.88,-29.77,40.79
27.467,-27.89,-29.75,40.77
27.500,-27.88,-29.74,40.76
27.533,-27.88,-29.73,40.76
27.567,-27.90,-29.73,40.77
27.600,-27.91,-29.72,40.77
27.633,-27.90,-29.70,40.75
27.667,-27.91,-29.68,40.74
27.700,-27.91,-29.63,40.70
27.733,-27.90,-29.62,40.69
27.767,-27.90,-29.62,40.69
27.800,-27.89,-29.62,40.69
27.833,-27.89,-29.62,40.68
27.867,-27.89,-29.62,40.68
27.900,-27.91,-29.63,40.71
27.933,-27.93,-29.64,40.73
27.967,-27.96,-29.66,40.76
28.000,-28.03,-29.68,40.82
28.033,-28.10,-29.76,40.93
28.067,-28.16,-29.82,41.01
28.100,-28.28,-29.79,41.08
28.133,-28.40,-29.81,41.17
28.167,-28.48,-29.76,41.19
28.200,-28.60,-29.72,41.25
28.233,-28.83,-29.68,41.38
28.267,-28.86,-29.63,41.37
28.300,-28.88,-29.60,41.36
28.333,-28.88,-29.59,41.34
28.367,-28.93,-29.56,41.36
28.400,-29.02,-29.51,41.39
28.433,-29.03,-29.49,41.38
28.467,-28.99,-29.41,41.29
28.500,-29.01,-29.31,41.24
28.533,-28.94,-29.25,41.15
28.567,-28.95,-29.16,41.09
28.600,-28.93,-29.05,41.00
28.633,-28.94,-28.96,40.94
28.667,-28.93,-28.90,40.89
28.700,-28.99,-28.88,40.92
28.733,-28.98,-28.76,40.82
28.767,-28.96,-28.78,40.83
28.800,-28.96,-28.71,40.79
28.833,-28.96,-28.57,40.68
28.867,-28.97,-28.50,40.64
28.900,-28.97,-28.50,40.64
28.933,-28.88,-28.41,40.51
28.967,-28.83,-28.34,40.43
29.000,-28.81,-28.29,40.37
29.033,-28.76,-28.19,40.27
29.067,-28.72,-28.03,40.13
29.100,-28.54,-27.90,39.91
29.133,-28.49,-27.86,39.85
29.167,-28.46,-27.88,39.84
29.200,-28.45,-27.88,39.83
29.233,-28.42,-27.81,39.76
29.267,-28.34,-27.84,39.73
29.300,-28.20,-27.76,39.57
29.333,-28.06,-27.61,39.36
29.367,-28.03,-27.52,39.28
29.400,-27.90,-27.37,39.08
29.433,-27.74,-27.26,38.89
29.467,-27.71,-27.17,38.81
29.500,-27.60,-27.09,38.67
29.533,-27.57,-27.06,38.63
29.567,-27.51,-27.06,38.59
29.600,-27.33,-26.97,38.40
29.633,-27.24,-26.83,38.23
29.667,-27.22,-26.84,38.22
29.700,-27.24,-26.78,38.20
29.733,-27.22,-26.78,38.18
29.767,-27.21,-26.76,38.17
29.800,-27.22,-26.74,38.16
29.833,-27.21,-26.73,38.15
29.867,-27.21,-26.73,38.14
29.900,-27.22,-26.73,38.15
29.933,-27.23,-26.73,38.16
29.967,-27.22,-26.75,38.17
30.000,-27.23,-26.76,38.17
