0.000,18.35,12.41,22.15
0.033,18.69,12.17,22.31
0.067,18.62,12.39,22.37
0.100,18.93,12.50,22.68
0.133,18.99,12.31,22.63
0.167,19.08,12.45,22.78
0.200,19.35,12.27,22.91
0.233,19.55,12.27,23.08
0.267,19.72,12.37,23.28
0.300,19.80,12.37,23.34
0.333,19.88,12.46,23.46
0.367,20.14,12.39,23.65
0.400,20.37,12.35,23.83
0.433,20.45,12.36,23.90
0.467,20.52,12.39,23.97
0.500,20.60,12.35,24.02
0.533,20.66,12.35,24.07
0.567,20.72,12.39,24.14
0.600,20.73,12.38,24.15
0.633,20.81,12.34,24.19
0.667,20.81,12.37,24.21
0.700,20.84,12.34,24.22
0.733,20.83,12.32,24.20
0.767,20.86,12.26,24.19
0.800,20.93,12.18,24.21
0.833,20.86,12.23,24.18
0.867,20.93,12.13,24.19
0.900,20.96,12.12,24.21
0.933,21.00,12.08,24.23
0.967,21.04,12.05,24.25
1.000,21.03,12.11,24.27
1.033,21.07,11.99,24.24
1.067,21.05,11.98,24.22
1.100,21.04,11.93,24.19
1.133,21.04,11.89,24.16
1.167,21.04,11.93,24.18
1.200,21.07,11.87,24.19
1.233,21.05,11.92,24.19
1.267,21.03,11.89,24.16
1.300,21.03,11.89,24.15
1.333,21.02,11.90,24.15
1.367,21.02,11.87,24.14
1.400,21.02,11.87,24.14
1.433,21.04,11.84,24.14
1.467,21.04,11.82,24.13
1.500,21.06,11.81,24.14
1.533,21.12,11.78,24.19
1.567,21.15,11.80,24.22
1.600,21.17,11.81,24.24
1.633,21.19,11.81,24.26
1.667,21.21,11.82,24.28
1.700,21.26,11.77,24.30
1.733,21.29,11.78,24.33
1.767,21.32,11.77,24.35
1.800,21.35,11.80,24.40
1.833,21.32,11.85,24.39
1.867,21.41,11.80,24.45
1.900,21.47,11.82,24.51
1.933,21.58,11.77,24.58
1.967,21.62,11.76,24.61
2.000,21.65,11.75,24.63
2.033,21.73,11.75,24.70
2.067,21.82,11.78,24.80
2.100,21.91,11.76,24.86
2.133,21.98,11.77,24.93
2.167,22.04,11.78,24.99
2.200,22.13,11.74,25.05
2.233,22.16,11.76,25.09
2.267,22.17,11.76,25.10
2.300,22.18,11.75,25.10
2.333,22.23,11.75,25.15
2.367,22.26,11.75,25.17
2.400,22.27,11.75,25.18
2.433,22.31,11.74,25.21
2.467,22.31,11.75,25.22
2.500,22.31,11.75,25.22
2.533,22.30,11.76,25.21
2.567,22.29,11.76,25.20
2.600,22.28,11.76,25.19
2.633,22.28,11.76,25.19
2.667,22.28,11.76,25.19
2.700,22.28,11.77,25.19
2.733,22.27,11.77,25.19
2.767,22.27,11.77,25.19
2.800,22.28,11.77,25.20
2.833,22.28,11.77,25.20
2.867,22.29,11.77,25.21
2.900,22.30,11.77,25.21
2.933,22.30,11.77,25.21
2.967,22.30,11.77,25.21
3.000,22.30,11.77,25.21
3.033,22.30,11.79,25.22
3.067,22.32,11.79,25.24
3.100,22.33,11.80,25.26
3.133,22.33,11.79,25.25
3.167,22.33,11.79,25.25
3.200,22.32,11.78,25.24
3.233,22.32,11.78,25.23
3.267,22.36,11.76,25.26
3.300,22.41,11.77,25.31
3.333,22.47,11.75,25.35
3.367,22.54,11.78,25.43
3.400,22.59,11.78,25.48
3.433,22.61,11.79,25.50
3.467,22.69,11.85,25.60
3.500,22.84,11.90,25.75
3.533,22.92,11.98,25.86
3.567,23.03,12.13,26.03
3.600,23.22,12.20,26.23
3.633,23.30,12.27,26.33
3.667,23.46,12.38,26.53
3.700,23.54,12.44,26.62
3.733,23.73,12.50,26.83
3.767,23.79,12.61,26.92
3.800,23.93,12.69,27.09
3.833,24.13,12.82,27.32
3.867,24.29,12.98,27.54
3.900,24.42,13.16,27.74
3.933,24.58,13.33,27.96
3.967,24.74,13.48,28.17
4.000,24.76,13.51,28.21
4.033,24.78,13.71,28.32
4.067,24.81,13.79,28.38
4.100,24.73,13.88,28.35
4.133,24.84,13.92,28.47
4.167,24.86,14.03,28.55
4.200,24.87,14.03,28.56
4.233,24.96,13.99,28.61
4.267,24.95,14.00,28.61
4.300,25.01,14.10,28.71
4.333,25.11,14.09,28.80
4.367,25.19,14.14,28.88
4.400,25.20,14.16,28.90
4.433,25.25,14.15,28.94
4.467,25.25,14.14,28.94
4.500,25.25,14.13,28.94
4.533,25.29,14.09,28.95
4.567,25.30,14.07,28.95
4.600,25.33,14.10,28.99
4.633,25.39,14.07,29.03
4.667,25.40,14.08,29.04
4.700,25.44,13.99,29.03
4.733,25.53,13.93,29.09
4.767,25.56,13.88,29.09
4.800,25.66,13.84,29.15
4.833,25.76,13.80,29.22
4.867,25.90,13.75,29.32
4.900,25.97,13.78,29.40
4.933,26.05,13.76,29.46
4.967,26.11,13.76,29.52
5.000,26.18,13.65,29.53
5.033,26.27,13.53,29.55
5.067,26.44,13.51,29.69
5.100,26.51,13.43,29.72
5.133,26.58,13.43,29.78
5.167,26.67,13.45,29.86
5.200,26.77,13.38,29.93
5.233,26.87,13.24,29.96
5.267,26.97,13.17,30.02
5.300,27.06,13.04,30.04
5.333,27.20,12.90,30.10
5.367,27.21,12.85,30.10
5.400,27.39,12.82,30.24
5.433,27.48,12.76,30.30
5.467,27.44,12.57,30.19
5.500,27.52,12.44,30.20
5.533,27.60,12.37,30.25
5.567,27.67,12.30,30.28
5.600,27.73,12.28,30.33
5.633,27.74,12.28,30.34
5.667,27.78,12.26,30.37
5.700,27.83,12.19,30.38
5.733,27.92,12.13,30.44
5.767,27.91,12.05,30.40
5.800,28.00,11.97,30.45
5.833,27.99,11.89,30.41
5.867,28.02,11.87,30.44
5.900,28.04,11.88,30.46
5.933,28.18,11.81,30.55
5.967,28.26,11.76,30.60
6.000,28.25,11.75,30.60
6.033,28.35,11.64,30.65
6.067,28.37,11.62,30.66
6.100,28.39,11.61,30.67
6.133,28.40,11.60,30.68
6.167,28.40,11.60,30.68
6.200,28.39,11.60,30.67
6.233,28.46,11.51,30.70
6.267,28.49,11.43,30.70
6.300,28.59,11.33,30.75
6.333,28.62,11.29,30.77
6.367,28.66,11.29,30.80
6.400,28.68,11.28,30.82
6.433,28.68,11.26,30.81
6.467,28.69,11.26,30.82
6.500,28.78,11.20,30.88
6.533,28.81,11.16,30.89
6.567,28.83,11.13,30.90
6.600,28.96,11.06,31.00
6.633,29.11,11.04,31.13
6.667,29.20,11.04,31.22
6.700,29.30,11.02,31.31
6.733,29.38,11.00,31.37
6.767,29.54,10.95,31.50
6.800,29.74,10.90,31.68
6.833,29.84,10.82,31.74
6.867,29.96,10.80,31.85
6.900,30.20,10.72,32.05
6.933,30.39,10.68,32.21
6.967,30.54,10.62,32.34
7.000,30.84,10.58,32.61
7.033,31.02,10.53,32.76
7.067,31.07,10.51,32.80
7.100,31.34,10.48,33.05
7.133,31.64,10.44,33.32
7.167,31.71,10.48,33.40
7.200,31.95,10.47,33.62
7.233,32.19,10.39,33.83
7.267,32.26,10.32,33.87
7.300,32.38,10.24,33.97
7.333,32.49,10.21,34.05
7.367,32.57,10.15,34.11
7.400,32.83,10.09,34.35
7.433,33.01,9.994,34.49
7.467,33.29,9.884,34.73
7.500,33.51,9.776,34.90
7.533,33.63,9.733,35.01
7.567,33.82,9.699,35.19
7.600,33.98,9.686,35.34
7.633,34.10,9.683,35.44
7.667,34.23,9.640,35.56
7.700,34.24,9.588,35.56
7.733,34.27,9.587,35.58
7.767,34.37,9.565,35.67
7.800,34.47,9.615,35.79
7.833,34.48,9.645,35.81
7.867,34.54,9.658,35.86
7.900,34.57,9.627,35.88
7.933,34.65,9.621,35.96
7.967,34.68,9.612,35.99
8.000,34.77,9.614,36.08
8.033,34.83,9.616,36.13
8.067,34.81,9.610,36.11
8.100,34.79,9.605,36.10
8.133,34.78,9.577,36.08
8.167,34.77,9.553,36.06
8.200,34.80,9.566,36.09
8.233,34.86,9.484,36.12
8.267,34.89,9.465,36.15
8.300,34.90,9.451,36.16
8.333,34.93,9.411,36.18
8.367,34.94,9.402,36.18
8.400,34.94,9.406,36.18
8.433,34.94,9.401,36.18
8.467,34.94,9.395,36.18
8.500,34.94,9.401,36.18
8.533,34.94,9.405,36.19
8.567,34.95,9.416,36.20
8.600,34.94,9.421,36.19
8.633,34.94,9.427,36.19
8.667,34.94,9.437,36.19
8.700,34.96,9.457,36.21
8.733,34.95,9.456,36.21
8.767,34.95,9.458,36.21
8.800,34.95,9.460,36.21
8.833,34.96,9.474,36.22
8.867,34.95,9.470,36.21
8.900,34.95,9.464,36.21
8.933,34.95,9.460,36.21
8.967,34.95,9.455,36.20
9.000,34.94,9.453,36.20
9.033,34.95,9.449,36.20
9.067,34.95,9.450,36.20
9.100,34.95,9.455,36.21
9.133,34.95,9.459,36.21
9.167,34.98,9.461,36.24
9.200,34.98,9.463,36.24
9.233,34.99,9.472,36.25
9.267,35.01,9.448,36.26
9.300,35.07,9.477,36.33
9.333,35.12,9.503,36.38
9.367,35.16,9.474,36.42
9.400,35.32,9.471,36.57
9.433,35.45,9.479,36.70
9.467,35.47,9.467,36.71
9.500,35.57,9.474,36.81
9.533,35.60,9.479,36.84
9.567,35.64,9.469,36.87
9.600,35.71,9.471,36.95
9.633,35.76,9.467,36.99
9.667,35.82,9.463,37.05
9.700,35.94,9.462,37.17
9.733,36.04,9.474,37.27
9.767,36.16,9.529,37.39
9.800,36.20,9.605,37.45
9.833,36.20,9.636,37.46
9.867,36.27,9.687,37.54
9.900,36.30,9.741,37.59
9.933,36.32,9.771,37.61
9.967,36.32,9.797,37.62
10.000,36.33,9.824,37.63
10.033,36.44,9.855,37.75
10.067,36.48,9.882,37.80
10.100,36.53,9.874,37.84
10.133,36.56,9.904,37.88
10.167,36.58,9.970,37.91
10.200,36.60,9.954,37.93
10.233,36.62,9.945,37.95
10.267,36.64,9.940,37.96
10.300,36.65,9.937,37.97
10.333,36.65,9.935,37.98
10.367,36.66,9.931,37.98
10.400,36.67,9.929,37.99
10.433,36.67,9.926,37.99
10.467,36.68,9.925,37.99
10.500,36.68,9.922,38.00
10.533,36.68,9.920,38.00
10.567,36.69,9.919,38.00
10.600,36.69,9.918,38.00
10.633,36.69,9.935,38.01
10.667,36.68,9.932,38.00
10.700,36.68,9.946,38.00
10.733,36.67,9.941,37.99
10.767,36.68,9.953,38.01
10.800,36.68,9.962,38.01
10.833,36.67,9.953,38.00
10.867,36.67,9.947,37.99
10.900,36.68,9.956,38.00
10.933,36.67,9.949,37.99
10.967,36.67,9.958,38.00
11.000,36.67,9.951,37.99
11.033,36.68,9.965,38.01
11.067,36.67,9.956,38.00
11.100,36.68,9.968,38.01
11.133,36.67,9.959,38.00
11.167,36.67,9.968,38.00
11.200,36.66,9.959,37.99
11.233,36.66,9.960,37.99
11.267,36.66,9.962,37.99
11.300,36.66,9.961,37.99
11.333,36.66,9.960,37.98
11.367,36.65,9.964,37.98
11.400,36.65,9.956,37.98
11.433,36.65,9.951,37.98
11.467,36.64,9.968,37.98
11.500,36.64,9.972,37.98
11.533,36.64,9.973,37.97
11.567,36.64,9.976,37.98
11.600,36.64,9.979,37.98
11.633,36.73,10.03,38.07
11.667,36.75,10.05,38.10
11.700,36.75,10.08,38.11
11.733,36.75,10.10,38.11
11.767,36.74,10.13,38.11
11.800,36.76,10.12,38.12
11.833,36.77,10.12,38.14
11.867,36.78,10.12,38.14
11.900,36.78,10.13,38.15
11.933,36.79,10.12,38.15
11.967,36.85,10.14,38.22
12.000,36.82,10.21,38.20
12.033,36.81,10.22,38.20
12.067,36.80,10.22,38.20
12.100,36.80,10.23,38.20
12.133,36.82,10.23,38.21
12.167,36.82,10.23,38.22
12.200,36.82,10.23,38.22
12.233,36.83,10.23,38.23
12.267,36.84,10.24,38.23
12.300,36.84,10.24,38.24
12.333,36.84,10.24,38.24
12.367,36.83,10.24,38.23
12.400,36.84,10.25,38.24
12.433,36.84,10.25,38.24
12.467,36.84,10.25,38.24
12.500,36.83,10.25,38.23
12.533,36.82,10.25,38.22
12.567,36.82,10.25,38.22
12.600,36.82,10.25,38.22
12.633,36.81,10.26,38.21
12.667,36.81,10.27,38.21
12.700,36.81,10.27,38.21
12.733,36.80,10.27,38.21
12.767,36.82,10.26,38.23
12.800,36.82,10.26,38.22
12.833,36.83,10.25,38.23
12.867,36.82,10.25,38.22
12.900,36.82,10.25,38.22
12.933,36.83,10.26,38.23
12.967,36.83,10.26,38.23
13.000,36.83,10.26,38.23
13.033,36.82,10.27,38.22
13.067,36.81,10.27,38.21
13.100,36.80,10.27,38.21
13.133,36.79,10.27,38.20
13.167,36.79,10.27,38.20
13.200,36.80,10.26,38.20
13.233,36.80,10.26,38.20
13.267,36.80,10.26,38.20
13.300,36.80,10.26,38.20
13.333,36.80,10.27,38.20
13.367,36.79,10.27,38.20
13.400,36.79,10.27,38.20
13.433,36.80,10.28,38.20
13.467,36.80,10.28,38.20
13.500,36.80,10.28,38.21
13.533,36.80,10.27,38.20
13.567,36.80,10.27,38.21
13.600,36.80,10.28,38.21
13.633,36.79,10.28,38.20
13.667,36.79,10.27,38.20
13.700,36.79,10.26,38.20
13.733,36.79,10.26,38.20
13.767,36.78,10.27,38.19
13.800,36.76,10.28,38.17
13.833,36.76,10.29,38.17
13.867,36.76,10.29,38.17
13.900,36.77,10.28,38.17
13.933,36.77,10.27,38.18
13.967,36.76,10.28,38.17
14.000,36.75,10.29,38.16
14.033,36.82,10.32,38.23
14.067,36.81,10.35,38.24
14.100,36.77,10.39,38.21
14.133,36.81,10.38,38.25
14.167,36.82,10.37,38.26
14.200,36.83,10.37,38.27
14.233,36.83,10.38,38.26
14.267,36.93,10.49,38.39
14.300,36.94,10.53,38.41
14.333,36.94,10.56,38.42
14.367,36.94,10.59,38.43
14.400,36.94,10.59,38.43
14.433,37.03,10.69,38.54
14.467,37.04,10.72,38.56
14.500,37.07,10.74,38.59
14.533,37.08,10.74,38.60
14.567,37.16,10.77,38.69
14.600,37.11,10.85,38.67
14.633,37.10,10.86,38.66
14.667,37.09,10.88,38.65
14.700,37.07,10.91,38.64
14.733,37.08,10.90,38.65
14.767,37.09,10.90,38.65
14.800,37.09,10.90,38.66
14.833,37.14,10.92,38.71
14.867,37.12,10.98,38.71
14.900,37.12,11.00,38.71
14.933,37.12,11.03,38.72
14.967,37.11,11.03,38.72
15.000,37.11,11.05,38.72
15.033,37.13,11.04,38.74
15.067,37.14,11.03,38.75
15.100,37.16,11.03,38.76
15.133,37.16,11.02,38.76
15.167,37.16,11.04,38.76
15.200,37.20,11.12,38.83
15.233,37.21,11.16,38.85
15.267,37.21,11.18,38.86
15.300,37.21,11.20,38.86
15.333,37.20,11.22,38.86
15.367,37.23,11.26,38.90
15.400,37.23,11.30,38.91
15.433,37.23,11.33,38.92
15.467,37.23,11.35,38.92
15.500,37.23,11.37,38.93
15.533,37.23,11.38,38.93
15.567,37.23,11.38,38.94
15.600,37.27,11.42,38.98
15.633,37.26,11.47,38.98
15.667,37.26,11.48,38.99
15.700,37.27,11.48,39.00
15.733,37.28,11.51,39.01
15.767,37.29,11.53,39.03
15.800,37.28,11.53,39.02
15.833,37.29,11.55,39.03
15.867,37.33,11.56,39.07
15.900,37.30,11.62,39.07
15.933,37.29,11.65,39.07
15.967,37.30,11.71,39.10
16.000,37.29,11.75,39.10
16.033,37.27,11.80,39.09
16.067,37.29,11.87,39.13
16.100,37.28,11.90,39.13
16.133,37.25,11.95,39.12
16.167,37.26,11.95,39.13
16.200,37.26,11.95,39.13
16.233,37.26,11.95,39.13
16.267,37.24,11.99,39.12
16.300,37.28,12.02,39.17
16.333,37.26,12.08,39.17
16.367,37.26,12.09,39.18
16.400,37.23,12.12,39.16
16.433,37.23,12.13,39.15
16.467,37.22,12.14,39.15
16.500,37.22,12.16,39.16
16.533,37.18,12.17,39.12
16.567,37.18,12.16,39.12
16.600,37.19,12.16,39.12
16.633,37.21,12.14,39.14
16.667,37.21,12.13,39.14
16.700,37.21,12.12,39.14
16.733,37.23,12.12,39.15
16.767,37.23,12.11,39.15
16.800,37.23,12.10,39.15
16.833,37.21,12.15,39.14
16.867,37.23,12.17,39.17
16.900,37.22,12.21,39.17
16.933,37.22,12.23,39.17
16.967,37.21,12.27,39.18
17.000,37.22,12.27,39.19
17.033,37.20,12.34,39.19
17.067,37.22,12.40,39.23
17.100,37.23,12.40,39.24
17.133,37.24,12.42,39.26
17.167,37.25,12.42,39.26
17.200,37.26,12.41,39.28
17.233,37.28,12.41,39.29
17.267,37.29,12.41,39.30
17.300,37.29,12.41,39.30
17.333,37.28,12.43,39.30
17.367,37.28,12.42,39.29
17.400,37.27,12.42,39.29
17.433,37.27,12.42,39.28
17.467,37.27,12.43,39.28
17.500,37.26,12.44,39.28
17.533,37.26,12.44,39.29
17.567,37.26,12.44,39.29
17.600,37.26,12.45,39.29
17.633,37.26,12.45,39.29
17.667,37.26,12.44,39.28
17.700,37.26,12.44,39.28
17.733,37.27,12.44,39.29
17.767,37.26,12.43,39.28
17.800,37.26,12.43,39.28
17.833,37.26,12.43,39.28
17.867,37.26,12.43,39.28
17.900,37.26,12.44,39.28
17.933,37.26,12.44,39.28
17.967,37.26,12.45,39.28
18.000,37.26,12.44,39.28
18.033,37.24,12.46,39.27
18.067,37.24,12.46,39.27
18.100,37.23,12.46,39.26
18.133,37.24,12.46,39.27
18.167,37.24,12.45,39.27
18.200,37.25,12.44,39.27
18.233,37.25,12.44,39.27
18.267,37.25,12.43,39.27
18.300,37.25,12.43,39.27
18.333,37.24,12.43,39.26
18.367,37.25,12.43,39.27
18.400,37.25,12.42,39.27
18.433,37.25,12.42,39.26
18.467,37.24,12.42,39.26
18.500,37.25,12.42,39.26
18.533,37.25,12.41,39.26
18.567,37.25,12.39,39.26
18.600,37.25,12.40,39.26
18.633,37.26,12.41,39.27
18.667,37.26,12.41,39.27
18.700,37.26,12.42,39.28
18.733,37.26,12.42,39.28
18.767,37.27,12.42,39.28
18.800,37.27,12.41,39.28
18.833,37.27,12.41,39.28
18.867,37.27,12.39,39.28
18.900,37.27,12.40,39.28
18.933,37.28,12.41,39.29
18.967,37.28,12.42,39.29
19.000,37.27,12.42,39.29
19.033,37.27,12.42,39.29
19.067,37.28,12.43,39.29
19.100,37.28,12.43,39.30
19.133,37.28,12.43,39.29
19.167,37.27,12.43,39.29
19.200,37.26,12.45,39.28
19.233,37.26,12.44,39.28
19.267,37.25,12.45,39.28
19.300,37.25,12.45,39.27
19.333,37.25,12.43,39.27
19.367,37.26,12.42,39.27
19.400,37.26,12.42,39.27
19.433,37.26,12.42,39.28
19.467,37.26,12.42,39.28
19.500,37.26,12.41,39.28
19.533,37.26,12.43,39.28
19.567,37.26,12.44,39.28
19.600,37.26,12.44,39.28
19.633,37.26,12.44,39.28
19.667,37.27,12.44,39.29
19.700,37.27,12.44,39.29
19.733,37.26,12.45,39.29
19.767,37.26,12.45,39.29
19.800,37.26,12.44,39.28
19.833,37.26,12.44,39.28
19.867,37.26,12.44,39.28
19.900,37.26,12.44,39.28
19.933,37.26,12.44,39.28
19.967,37.25,12.44,39.28
20.000,37.25,12.45,39.28
20.033,37.25,12.45,39.27
20.067,37.25,12.45,39.27
20.100,37.25,12.44,39.28
20.133,37.25,12.44,39.28
20.167,37.26,12.44,39.28
20.200,37.26,12.43,39.28
20.233,37.26,12.43,39.28
20.267,37.26,12.43,39.28
20.300,37.27,12.43,39.28
20.333,37.27,12.43,39.29
20.367,37.27,12.43,39.29
20.400,37.27,12.43,39.29
20.433,37.26,12.44,39.28
20.467,37.26,12.45,39.28
20.500,37.25,12.45,39.28
20.533,37.24,12.45,39.27
20.567,37.23,12.45,39.26
20.600,37.24,12.45,39.27
20.633,37.24,12.45,39.27
20.667,37.25,12.44,39.27
20.700,37.26,12.43,39.28
20.733,37.26,12.43,39.28
20.767,37.26,12.43,39.28
20.800,37.26,12.41,39.28
20.833,37.26,12.42,39.28
20.867,37.26,12.42,39.28
20.900,37.26,12.42,39.28
20.933,37.26,12.43,39.28
20.967,37.27,12.42,39.28
21.000,37.27,12.42,39.29
21.033,37.27,12.42,39.28
21.067,37.27,12.42,39.28
21.100,37.26,12.43,39.28
21.133,37.26,12.43,39.28
21.167,37.26,12.43,39.28
21.200,37.26,12.43,39.28
21.233,37.26,12.43,39.28
21.267,37.26,12.44,39.28
21.300,37.25,12.44,39.28
21.333,37.26,12.44,39.28
21.367,37.26,12.44,39.28
21.400,37.26,12.44,39.28
21.433,37.26,12.44,39.28
21.467,37.26,12.44,39.28
21.500,37.25,12.45,39.28
21.533,37.25,12.45,39.28
21.567,37.25,12.45,39.27
21.600,37.25,12.45,39.28
21.633,37.24,12.45,39.27
21.667,37.24,12.44,39.26
21.700,37.24,12.44,39.27
21.733,37.25,12.44,39.27
21.767,37.25,12.44,39.27
21.800,37.25,12.44,39.27
21.833,37.25,12.44,39.27
21.867,37.25,12.45,39.27
21.900,37.24,12.45,39.27
21.933,37.24,12.45,39.27
21.967,37.24,12.46,39.27
22.000,37.24,12.46,39.27
22.033,37.25,12.45,39.27
22.067,37.25,12.45,39.27
22.100,37.25,12.45,39.28
22.133,37.25,12.47,39.28
22.167,37.25,12.50,39.29
22.200,37.25,12.55,39.30
22.233,37.24,12.59,39.31
22.267,37.24,12.61,39.32
22.300,37.24,12.64,39.32
22.333,37.24,12.69,39.34
22.367,37.25,12.71,39.35
22.400,37.24,12.75,39.36
22.433,37.23,12.77,39.36
22.467,37.24,12.77,39.37
22.500,37.23,12.81,39.38
22.533,37.24,12.85,39.40
22.567,37.25,12.91,39.42
22.600,37.25,12.92,39.43
22.633,37.25,12.94,39.43
22.667,37.25,12.95,39.44
22.700,37.25,13.02,39.46
22.733,37.26,13.05,39.48
22.767,37.26,13.07,39.48
22.800,37.26,13.08,39.48
22.833,37.26,13.12,39.50
22.867,37.26,13.16,39.52
22.900,37.26,13.22,39.54
22.933,37.26,13.22,39.53
22.967,37.28,13.23,39.56
23.000,37.29,13.24,39.57
23.033,37.29,13.24,39.58
23.067,37.29,13.24,39.57
23.100,37.30,13.24,39.58
23.133,37.30,13.26,39.59
23.167,37.29,13.25,39.57
23.200,37.28,13.24,39.56
23.233,37.29,13.21,39.56
23.267,37.29,13.19,39.56
23.300,37.29,13.19,39.56
23.333,37.34,13.22,39.61
23.367,37.39,13.21,39.66
23.400,37.40,13.21,39.66
23.433,37.40,13.21,39.67
23.467,37.40,13.22,39.67
23.500,37.39,13.23,39.66
23.533,37.39,13.23,39.66
23.567,37.39,13.23,39.66
23.600,37.40,13.22,39.67
23.633,37.40,13.22,39.67
23.667,37.40,13.22,39.67
23.700,37.40,13.22,39.67
23.733,37.41,13.22,39.67
23.767,37.41,13.23,39.68
23.800,37.41,13.22,39.68
23.833,37.41,13.22,39.68
23.867,37.41,13.23,39.68
23.900,37.41,13.23,39.68
23.933,37.41,13.23,39.68
23.967,37.41,13.22,39.68
24.000,37.40,13.22,39.67
24.033,37.39,13.23,39.66
24.067,37.38,13.23,39.65
24.100,37.37,13.24,39.64
24.133,37.39,13.23,39.66
24.167,37.41,13.22,39.68
24.200,37.44,13.22,39.70
24.233,37.43,13.22,39.69
24.267,37.42,13.22,39.69
24.300,37.39,13.23,39.66
24.333,37.39,13.23,39.66
24.367,37.40,13.23,39.67
24.400,37.40,13.23,39.67
24.433,37.40,13.23,39.67
24.467,37.39,13.23,39.66
24.500,37.41,13.23,39.68
24.533,37.36,13.24,39.64
24.567,37.37,13.24,39.65
24.600,37.38,13.23,39.66
24.633,37.39,13.23,39.66
24.667,37.40,13.23,39.67
24.700,37.45,13.22,39.71
24.733,37.47,13.20,39.73
24.767,37.50,13.22,39.76
24.800,37.52,13.22,39.78
24.833,37.52,13.23,39.78
24.867,37.52,13.23,39.78
24.900,37.52,13.23,39.79
24.933,37.54,13.22,39.80
24.967,37.54,13.22,39.80
25.000,37.54,13.24,39.81
25.033,37.53,13.25,39.80
25.067,37.52,13.25,39.79
25.100,37.52,13.24,39.79
25.133,37.52,13.24,39.79
25.167,37.53,13.24,39.80
25.200,37.53,13.24,39.79
25.233,37.52,13.24,39.78
25.267,37.53,13.23,39.80
25.300,37.55,13.23,39.81
25.333,37.57,13.21,39.82
25.367,37.59,13.20,39.84
25.400,37.61,13.19,39.85
25.433,37.65,13.20,39.90
25.467,37.73,13.15,39.96
25.500,37.71,13.17,39.95
25.533,37.72,13.18,39.95
25.567,37.72,13.18,39.96
25.600,37.72,13.19,39.96
25.633,37.73,13.19,39.97
25.667,37.74,13.19,39.97
25.700,37.74,13.17,39.98
25.733,37.75,13.17,39.98
25.767,37.79,13.15,40.02
25.800,37.84,13.19,40.07
25.833,37.89,13.19,40.12
25.867,37.94,13.19,40.17
25.900,37.96,13.24,40.20
25.933,38.02,13.22,40.25
25.967,38.05,13.23,40.28
26.000,38.07,13.23,40.31
26.033,38.09,13.23,40.33
26.067,38.11,13.23,40.34
26.100,38.14,13.26,40.38
26.133,38.21,13.25,40.44
26.167,38.33,13.30,40.57
26.200,38.38,13.34,40.63
26.233,38.42,13.36,40.68
26.267,38.46,13.39,40.72
26.300,38.51,13.38,40.77
26.333,38.52,13.38,40.78
26.367,38.51,13.41,40.78
26.400,38.61,13.49,40.89
26.433,38.64,13.52,40.93
26.467,38.69,13.54,40.99
26.500,38.68,13.53,40.98
26.533,38.69,13.51,40.98
26.567,38.72,13.49,41.01
26.600,38.75,13.50,41.04
26.633,38.78,13.51,41.06
26.667,38.80,13.50,41.08
26.700,38.82,13.50,41.10
26.733,38.82,13.51,41.10
26.767,38.82,13.51,41.11
26.800,38.82,13.51,41.11
26.833,38.82,13.52,41.11
26.867,38.83,13.51,41.11
26.900,38.83,13.50,41.11
26.933,38.83,13.49,41.11
26.967,38.83,13.50,41.11
27.000,38.83,13.51,41.11
27.033,38.82,13.50,41.10
27.067,38.83,13.48,41.10
27.100,38.81,13.46,41.08
27.133,38.81,13.45,41.07
27.167,38.81,13.46,41.07
27.200,38.82,13.41,41.07
27.233,38.84,13.37,41.08
27.267,38.85,13.36,41.08
27.300,38.85,13.36,41.08
27.333,38.85,13.35,41.08
27.367,38.85,13.34,41.07
27.400,38.86,13.34,41.09
27.433,38.86,13.35,41.09
27.467,38.85,13.36,41.09
27.500,38.86,13.37,41.10
27.533,38.87,13.37,41.10
27.567,38.87,13.35,41.10
27.600,38.88,13.33,41.10
27.633,38.90,13.32,41.12
27.667,38.96,13.34,41.18
27.700,38.99,13.34,41.21
27.733,39.00,13.33,41.22
27.767,39.02,13.34,41.23
27.800,39.03,13.34,41.25
27.833,39.01,13.32,41.22
27.867,39.00,13.33,41.22
27.900,38.99,13.31,41.20
27.933,38.99,13.32,41.20
27.967,38.99,13.33,41.20
28.000,39.02,13.32,41.23
28.033,39.03,13.32,41.24
28.067,39.04,13.32,41.25
28.100,39.03,13.33,41.24
28.133,39.04,13.34,41.26
28.167,39.03,13.35,41.25
28.200,39.03,13.35,41.25
28.233,39.10,13.31,41.30
28.267,39.11,13.32,41.32
28.300,39.14,13.31,41.34
28.333,39.15,13.31,41.35
28.367,39.13,13.28,41.32
28.400,39.19,13.25,41.37
28.433,39.20,13.22,41.37
28.467,39.20,13.19,41.36
28.500,39.22,13.19,41.37
28.533,39.27,13.22,41.44
28.567,39.28,13.21,41.45
28.600,39.29,13.21,41.45
28.633,39.30,13.20,41.45
28.667,39.30,13.19,41.46
28.700,39.31,13.18,41.46
28.733,39.31,13.18,41.46
28.767,39.31,13.18,41.46
28.800,39.32,13.18,41.47
28.833,39.35,13.20,41.51
28.867,39.38,13.16,41.52
28.900,39.44,13.20,41.59
28.933,39.48,13.23,41.64
28.967,39.52,13.22,41.67
29.000,39.60,13.24,41.76
29.033,39.60,13.28,41.77
29.067,39.72,13.34,41.90
29.100,39.78,13.37,41.96
29.133,39.81,13.40,42.00
29.167,39.82,13.39,42.01
29.200,39.84,13.38,42.02
29.233,39.92,13.42,42.11
29.267,39.97,13.44,42.17
29.300,39.98,13.47,42.18
29.333,40.03,13.53,42.25
29.367,40.13,13.55,42.36
29.400,40.28,13.60,42.51
29.433,40.32,13.66,42.57
29.467,40.38,13.69,42.64
29.500,40.37,13.70,42.64
29.533,40.47,13.78,42.75
29.567,40.45,13.84,42.76
29.600,40.50,13.95,42.83
29.633,40.51,14.01,42.86
29.667,40.60,14.05,42.96
29.700,40.59,14.07,42.96
29.733,40.58,14.09,42.95
29.767,40.58,14.10,42.96
29.800,40.57,14.11,42.95
29.833,40.60,14.09,42.97
29.867,40.62,14.12,43.00
29.900,40.65,14.11,43.03
29.933,40.67,14.11,43.05
29.967,40.69,14.11,43.06
30.000,40.70,14.11,43.07
